1;2
2;2.828427124746190290949243717477656900882720947265625
3;3.0614674589207186983230712939985096454620361328125
4;3.1214451522580528575190328410826623439788818359375
5;3.136548490545939760210103486315347254276275634765625
6;3.140331156954753399901392185711301863193511962890625
7;3.141277250932773323910396356950514018535614013671875
8;3.141513801144301343271081350394524633884429931640625
9;3.14157294036709178186583812930621206760406494140625
10;3.141587725277160014769606277695856988430023193359375
11;3.14159142151120018837673342204652726650238037109375
12;3.141592345570118016695460028131492435932159423828125
13;3.141592576584872897882405595737509429454803466796875
14;3.1415926343385631724913764628581702709197998046875
15;3.141592648776985630121316717122681438922882080078125
16;3.14159265238659113350649931817315518856048583984375
17;3.14159265328899284241970235598273575305938720703125
18;3.141592653514593269648003115435130894184112548828125
19;3.141592653570993487477380767813883721828460693359375
20;3.14159265358509376397933010593988001346588134765625
21;3.1415926535886189441271199029870331287384033203125
22;3.141592653589500461208672277280129492282867431640625
23;3.14159265358972117354596775840036571025848388671875
24;3.14159265358977624060798916616477072238922119140625
25;3.141592653589790007373494518105871975421905517578125
26;3.141592653589793560087173318606801331043243408203125
27;3.141592653589794448265593018732033669948577880859375
28;3.1415926535897948923548028687946498394012451171875
29;3.1415926535897948923548028687946498394012451171875
30;3.1415926535897948923548028687946498394012451171875
31;3.1415926535897948923548028687946498394012451171875
32;3.1415926535897948923548028687946498394012451171875
33;3.1415926535897948923548028687946498394012451171875
34;3.1415926535897948923548028687946498394012451171875
35;3.1415926535897948923548028687946498394012451171875
36;3.1415926535897948923548028687946498394012451171875
37;3.1415926535897948923548028687946498394012451171875
38;3.1415926535897948923548028687946498394012451171875
39;3.1415926535897948923548028687946498394012451171875
40;3.1415926535897948923548028687946498394012451171875
41;3.1415926535897948923548028687946498394012451171875
42;3.1415926535897948923548028687946498394012451171875
43;3.1415926535897948923548028687946498394012451171875
44;3.1415926535897948923548028687946498394012451171875
45;3.1415926535897948923548028687946498394012451171875
46;3.1415926535897948923548028687946498394012451171875
47;3.1415926535897948923548028687946498394012451171875
48;3.1415926535897948923548028687946498394012451171875
49;3.1415926535897948923548028687946498394012451171875
50;3.1415926535897948923548028687946498394012451171875
51;3.1415926535897948923548028687946498394012451171875
52;3.1415926535897948923548028687946498394012451171875
53;3.1415926535897948923548028687946498394012451171875
54;3.1415926535897948923548028687946498394012451171875
55;3.1415926535897948923548028687946498394012451171875
56;3.1415926535897948923548028687946498394012451171875
57;3.1415926535897948923548028687946498394012451171875
58;3.1415926535897948923548028687946498394012451171875
59;3.1415926535897948923548028687946498394012451171875
60;3.1415926535897948923548028687946498394012451171875
61;3.1415926535897948923548028687946498394012451171875
62;3.1415926535897948923548028687946498394012451171875
63;3.1415926535897948923548028687946498394012451171875
64;3.1415926535897948923548028687946498394012451171875
65;3.1415926535897948923548028687946498394012451171875
66;3.1415926535897948923548028687946498394012451171875
67;3.1415926535897948923548028687946498394012451171875
68;3.1415926535897948923548028687946498394012451171875
69;3.1415926535897948923548028687946498394012451171875
70;3.1415926535897948923548028687946498394012451171875
71;3.1415926535897948923548028687946498394012451171875
72;3.1415926535897948923548028687946498394012451171875
73;3.1415926535897948923548028687946498394012451171875
74;3.1415926535897948923548028687946498394012451171875
75;3.1415926535897948923548028687946498394012451171875
76;3.1415926535897948923548028687946498394012451171875
77;3.1415926535897948923548028687946498394012451171875
78;3.1415926535897948923548028687946498394012451171875
79;3.1415926535897948923548028687946498394012451171875
80;3.1415926535897948923548028687946498394012451171875
81;3.1415926535897948923548028687946498394012451171875
82;3.1415926535897948923548028687946498394012451171875
83;3.1415926535897948923548028687946498394012451171875
84;3.1415926535897948923548028687946498394012451171875
85;3.1415926535897948923548028687946498394012451171875
86;3.1415926535897948923548028687946498394012451171875
87;3.1415926535897948923548028687946498394012451171875
88;3.1415926535897948923548028687946498394012451171875
89;3.1415926535897948923548028687946498394012451171875
90;3.1415926535897948923548028687946498394012451171875
91;3.1415926535897948923548028687946498394012451171875
92;3.1415926535897948923548028687946498394012451171875
93;3.1415926535897948923548028687946498394012451171875
94;3.1415926535897948923548028687946498394012451171875
95;3.1415926535897948923548028687946498394012451171875
96;3.1415926535897948923548028687946498394012451171875
97;3.1415926535897948923548028687946498394012451171875
98;3.1415926535897948923548028687946498394012451171875
99;3.1415926535897948923548028687946498394012451171875
100;3.1415926535897948923548028687946498394012451171875
101;3.1415926535897948923548028687946498394012451171875
102;3.1415926535897948923548028687946498394012451171875
103;3.1415926535897948923548028687946498394012451171875
104;3.1415926535897948923548028687946498394012451171875
105;3.1415926535897948923548028687946498394012451171875
106;3.1415926535897948923548028687946498394012451171875
107;3.1415926535897948923548028687946498394012451171875
108;3.1415926535897948923548028687946498394012451171875
109;3.1415926535897948923548028687946498394012451171875
110;3.1415926535897948923548028687946498394012451171875
111;3.1415926535897948923548028687946498394012451171875
112;3.1415926535897948923548028687946498394012451171875
113;3.1415926535897948923548028687946498394012451171875
114;3.1415926535897948923548028687946498394012451171875
115;3.1415926535897948923548028687946498394012451171875
116;3.1415926535897948923548028687946498394012451171875
117;3.1415926535897948923548028687946498394012451171875
118;3.1415926535897948923548028687946498394012451171875
119;3.1415926535897948923548028687946498394012451171875
120;3.1415926535897948923548028687946498394012451171875
121;3.1415926535897948923548028687946498394012451171875
122;3.1415926535897948923548028687946498394012451171875
123;3.1415926535897948923548028687946498394012451171875
124;3.1415926535897948923548028687946498394012451171875
125;3.1415926535897948923548028687946498394012451171875
126;3.1415926535897948923548028687946498394012451171875
127;3.1415926535897948923548028687946498394012451171875
128;3.1415926535897948923548028687946498394012451171875
129;3.1415926535897948923548028687946498394012451171875
130;3.1415926535897948923548028687946498394012451171875
131;3.1415926535897948923548028687946498394012451171875
132;3.1415926535897948923548028687946498394012451171875
133;3.1415926535897948923548028687946498394012451171875
134;3.1415926535897948923548028687946498394012451171875
135;3.1415926535897948923548028687946498394012451171875
136;3.1415926535897948923548028687946498394012451171875
137;3.1415926535897948923548028687946498394012451171875
138;3.1415926535897948923548028687946498394012451171875
139;3.1415926535897948923548028687946498394012451171875
140;3.1415926535897948923548028687946498394012451171875
141;3.1415926535897948923548028687946498394012451171875
142;3.1415926535897948923548028687946498394012451171875
143;3.1415926535897948923548028687946498394012451171875
144;3.1415926535897948923548028687946498394012451171875
145;3.1415926535897948923548028687946498394012451171875
146;3.1415926535897948923548028687946498394012451171875
147;3.1415926535897948923548028687946498394012451171875
148;3.1415926535897948923548028687946498394012451171875
149;3.1415926535897948923548028687946498394012451171875
150;3.1415926535897948923548028687946498394012451171875
151;3.1415926535897948923548028687946498394012451171875
152;3.1415926535897948923548028687946498394012451171875
153;3.1415926535897948923548028687946498394012451171875
154;3.1415926535897948923548028687946498394012451171875
155;3.1415926535897948923548028687946498394012451171875
156;3.1415926535897948923548028687946498394012451171875
157;3.1415926535897948923548028687946498394012451171875
158;3.1415926535897948923548028687946498394012451171875
159;3.1415926535897948923548028687946498394012451171875
160;3.1415926535897948923548028687946498394012451171875
161;3.1415926535897948923548028687946498394012451171875
162;3.1415926535897948923548028687946498394012451171875
163;3.1415926535897948923548028687946498394012451171875
164;3.1415926535897948923548028687946498394012451171875
165;3.1415926535897948923548028687946498394012451171875
166;3.1415926535897948923548028687946498394012451171875
167;3.1415926535897948923548028687946498394012451171875
168;3.1415926535897948923548028687946498394012451171875
169;3.1415926535897948923548028687946498394012451171875
170;3.1415926535897948923548028687946498394012451171875
171;3.1415926535897948923548028687946498394012451171875
172;3.1415926535897948923548028687946498394012451171875
173;3.1415926535897948923548028687946498394012451171875
174;3.1415926535897948923548028687946498394012451171875
175;3.1415926535897948923548028687946498394012451171875
176;3.1415926535897948923548028687946498394012451171875
177;3.1415926535897948923548028687946498394012451171875
178;3.1415926535897948923548028687946498394012451171875
179;3.1415926535897948923548028687946498394012451171875
180;3.1415926535897948923548028687946498394012451171875
181;3.1415926535897948923548028687946498394012451171875
182;3.1415926535897948923548028687946498394012451171875
183;3.1415926535897948923548028687946498394012451171875
184;3.1415926535897948923548028687946498394012451171875
185;3.1415926535897948923548028687946498394012451171875
186;3.1415926535897948923548028687946498394012451171875
187;3.1415926535897948923548028687946498394012451171875
188;3.1415926535897948923548028687946498394012451171875
189;3.1415926535897948923548028687946498394012451171875
190;3.1415926535897948923548028687946498394012451171875
191;3.1415926535897948923548028687946498394012451171875
192;3.1415926535897948923548028687946498394012451171875
193;3.1415926535897948923548028687946498394012451171875
194;3.1415926535897948923548028687946498394012451171875
195;3.1415926535897948923548028687946498394012451171875
196;3.1415926535897948923548028687946498394012451171875
197;3.1415926535897948923548028687946498394012451171875
198;3.1415926535897948923548028687946498394012451171875
199;3.1415926535897948923548028687946498394012451171875
200;3.1415926535897948923548028687946498394012451171875
201;3.1415926535897948923548028687946498394012451171875
202;3.1415926535897948923548028687946498394012451171875
203;3.1415926535897948923548028687946498394012451171875
204;3.1415926535897948923548028687946498394012451171875
205;3.1415926535897948923548028687946498394012451171875
206;3.1415926535897948923548028687946498394012451171875
207;3.1415926535897948923548028687946498394012451171875
208;3.1415926535897948923548028687946498394012451171875
209;3.1415926535897948923548028687946498394012451171875
210;3.1415926535897948923548028687946498394012451171875
211;3.1415926535897948923548028687946498394012451171875
212;3.1415926535897948923548028687946498394012451171875
213;3.1415926535897948923548028687946498394012451171875
214;3.1415926535897948923548028687946498394012451171875
215;3.1415926535897948923548028687946498394012451171875
216;3.1415926535897948923548028687946498394012451171875
217;3.1415926535897948923548028687946498394012451171875
218;3.1415926535897948923548028687946498394012451171875
219;3.1415926535897948923548028687946498394012451171875
220;3.1415926535897948923548028687946498394012451171875
221;3.1415926535897948923548028687946498394012451171875
222;3.1415926535897948923548028687946498394012451171875
223;3.1415926535897948923548028687946498394012451171875
224;3.1415926535897948923548028687946498394012451171875
225;3.1415926535897948923548028687946498394012451171875
226;3.1415926535897948923548028687946498394012451171875
227;3.1415926535897948923548028687946498394012451171875
228;3.1415926535897948923548028687946498394012451171875
229;3.1415926535897948923548028687946498394012451171875
230;3.1415926535897948923548028687946498394012451171875
231;3.1415926535897948923548028687946498394012451171875
232;3.1415926535897948923548028687946498394012451171875
233;3.1415926535897948923548028687946498394012451171875
234;3.1415926535897948923548028687946498394012451171875
235;3.1415926535897948923548028687946498394012451171875
236;3.1415926535897948923548028687946498394012451171875
237;3.1415926535897948923548028687946498394012451171875
238;3.1415926535897948923548028687946498394012451171875
239;3.1415926535897948923548028687946498394012451171875
240;3.1415926535897948923548028687946498394012451171875
241;3.1415926535897948923548028687946498394012451171875
242;3.1415926535897948923548028687946498394012451171875
243;3.1415926535897948923548028687946498394012451171875
244;3.1415926535897948923548028687946498394012451171875
245;3.1415926535897948923548028687946498394012451171875
246;3.1415926535897948923548028687946498394012451171875
247;3.1415926535897948923548028687946498394012451171875
248;3.1415926535897948923548028687946498394012451171875
249;3.1415926535897948923548028687946498394012451171875
250;3.1415926535897948923548028687946498394012451171875
251;3.1415926535897948923548028687946498394012451171875
252;3.1415926535897948923548028687946498394012451171875
253;3.1415926535897948923548028687946498394012451171875
254;3.1415926535897948923548028687946498394012451171875
255;3.1415926535897948923548028687946498394012451171875
256;3.1415926535897948923548028687946498394012451171875
257;3.1415926535897948923548028687946498394012451171875
258;3.1415926535897948923548028687946498394012451171875
259;3.1415926535897948923548028687946498394012451171875
260;3.1415926535897948923548028687946498394012451171875
261;3.1415926535897948923548028687946498394012451171875
262;3.1415926535897948923548028687946498394012451171875
263;3.1415926535897948923548028687946498394012451171875
264;3.1415926535897948923548028687946498394012451171875
265;3.1415926535897948923548028687946498394012451171875
266;3.1415926535897948923548028687946498394012451171875
267;3.1415926535897948923548028687946498394012451171875
268;3.1415926535897948923548028687946498394012451171875
269;3.1415926535897948923548028687946498394012451171875
270;3.1415926535897948923548028687946498394012451171875
271;3.1415926535897948923548028687946498394012451171875
272;3.1415926535897948923548028687946498394012451171875
273;3.1415926535897948923548028687946498394012451171875
274;3.1415926535897948923548028687946498394012451171875
275;3.1415926535897948923548028687946498394012451171875
276;3.1415926535897948923548028687946498394012451171875
277;3.1415926535897948923548028687946498394012451171875
278;3.1415926535897948923548028687946498394012451171875
279;3.1415926535897948923548028687946498394012451171875
280;3.1415926535897948923548028687946498394012451171875
281;3.1415926535897948923548028687946498394012451171875
282;3.1415926535897948923548028687946498394012451171875
283;3.1415926535897948923548028687946498394012451171875
284;3.1415926535897948923548028687946498394012451171875
285;3.1415926535897948923548028687946498394012451171875
286;3.1415926535897948923548028687946498394012451171875
287;3.1415926535897948923548028687946498394012451171875
288;3.1415926535897948923548028687946498394012451171875
289;3.1415926535897948923548028687946498394012451171875
290;3.1415926535897948923548028687946498394012451171875
291;3.1415926535897948923548028687946498394012451171875
292;3.1415926535897948923548028687946498394012451171875
293;3.1415926535897948923548028687946498394012451171875
294;3.1415926535897948923548028687946498394012451171875
295;3.1415926535897948923548028687946498394012451171875
296;3.1415926535897948923548028687946498394012451171875
297;3.1415926535897948923548028687946498394012451171875
298;3.1415926535897948923548028687946498394012451171875
299;3.1415926535897948923548028687946498394012451171875
300;3.1415926535897948923548028687946498394012451171875
301;3.1415926535897948923548028687946498394012451171875
302;3.1415926535897948923548028687946498394012451171875
303;3.1415926535897948923548028687946498394012451171875
304;3.1415926535897948923548028687946498394012451171875
305;3.1415926535897948923548028687946498394012451171875
306;3.1415926535897948923548028687946498394012451171875
307;3.1415926535897948923548028687946498394012451171875
308;3.1415926535897948923548028687946498394012451171875
309;3.1415926535897948923548028687946498394012451171875
310;3.1415926535897948923548028687946498394012451171875
311;3.1415926535897948923548028687946498394012451171875
312;3.1415926535897948923548028687946498394012451171875
313;3.1415926535897948923548028687946498394012451171875
314;3.1415926535897948923548028687946498394012451171875
315;3.1415926535897948923548028687946498394012451171875
316;3.1415926535897948923548028687946498394012451171875
317;3.1415926535897948923548028687946498394012451171875
318;3.1415926535897948923548028687946498394012451171875
319;3.1415926535897948923548028687946498394012451171875
320;3.1415926535897948923548028687946498394012451171875
321;3.1415926535897948923548028687946498394012451171875
322;3.1415926535897948923548028687946498394012451171875
323;3.1415926535897948923548028687946498394012451171875
324;3.1415926535897948923548028687946498394012451171875
325;3.1415926535897948923548028687946498394012451171875
326;3.1415926535897948923548028687946498394012451171875
327;3.1415926535897948923548028687946498394012451171875
328;3.1415926535897948923548028687946498394012451171875
329;3.1415926535897948923548028687946498394012451171875
330;3.1415926535897948923548028687946498394012451171875
331;3.1415926535897948923548028687946498394012451171875
332;3.1415926535897948923548028687946498394012451171875
333;3.1415926535897948923548028687946498394012451171875
334;3.1415926535897948923548028687946498394012451171875
335;3.1415926535897948923548028687946498394012451171875
336;3.1415926535897948923548028687946498394012451171875
337;3.1415926535897948923548028687946498394012451171875
338;3.1415926535897948923548028687946498394012451171875
339;3.1415926535897948923548028687946498394012451171875
340;3.1415926535897948923548028687946498394012451171875
341;3.1415926535897948923548028687946498394012451171875
342;3.1415926535897948923548028687946498394012451171875
343;3.1415926535897948923548028687946498394012451171875
344;3.1415926535897948923548028687946498394012451171875
345;3.1415926535897948923548028687946498394012451171875
346;3.1415926535897948923548028687946498394012451171875
347;3.1415926535897948923548028687946498394012451171875
348;3.1415926535897948923548028687946498394012451171875
349;3.1415926535897948923548028687946498394012451171875
350;3.1415926535897948923548028687946498394012451171875
351;3.1415926535897948923548028687946498394012451171875
352;3.1415926535897948923548028687946498394012451171875
353;3.1415926535897948923548028687946498394012451171875
354;3.1415926535897948923548028687946498394012451171875
355;3.1415926535897948923548028687946498394012451171875
356;3.1415926535897948923548028687946498394012451171875
357;3.1415926535897948923548028687946498394012451171875
358;3.1415926535897948923548028687946498394012451171875
359;3.1415926535897948923548028687946498394012451171875
360;3.1415926535897948923548028687946498394012451171875
361;3.1415926535897948923548028687946498394012451171875
362;3.1415926535897948923548028687946498394012451171875
363;3.1415926535897948923548028687946498394012451171875
364;3.1415926535897948923548028687946498394012451171875
365;3.1415926535897948923548028687946498394012451171875
366;3.1415926535897948923548028687946498394012451171875
367;3.1415926535897948923548028687946498394012451171875
368;3.1415926535897948923548028687946498394012451171875
369;3.1415926535897948923548028687946498394012451171875
370;3.1415926535897948923548028687946498394012451171875
371;3.1415926535897948923548028687946498394012451171875
372;3.1415926535897948923548028687946498394012451171875
373;3.1415926535897948923548028687946498394012451171875
374;3.1415926535897948923548028687946498394012451171875
375;3.1415926535897948923548028687946498394012451171875
376;3.1415926535897948923548028687946498394012451171875
377;3.1415926535897948923548028687946498394012451171875
378;3.1415926535897948923548028687946498394012451171875
379;3.1415926535897948923548028687946498394012451171875
380;3.1415926535897948923548028687946498394012451171875
381;3.1415926535897948923548028687946498394012451171875
382;3.1415926535897948923548028687946498394012451171875
383;3.1415926535897948923548028687946498394012451171875
384;3.1415926535897948923548028687946498394012451171875
385;3.1415926535897948923548028687946498394012451171875
386;3.1415926535897948923548028687946498394012451171875
387;3.1415926535897948923548028687946498394012451171875
388;3.1415926535897948923548028687946498394012451171875
389;3.1415926535897948923548028687946498394012451171875
390;3.1415926535897948923548028687946498394012451171875
391;3.1415926535897948923548028687946498394012451171875
392;3.1415926535897948923548028687946498394012451171875
393;3.1415926535897948923548028687946498394012451171875
394;3.1415926535897948923548028687946498394012451171875
395;3.1415926535897948923548028687946498394012451171875
396;3.1415926535897948923548028687946498394012451171875
397;3.1415926535897948923548028687946498394012451171875
398;3.1415926535897948923548028687946498394012451171875
399;3.1415926535897948923548028687946498394012451171875
400;3.1415926535897948923548028687946498394012451171875
401;3.1415926535897948923548028687946498394012451171875
402;3.1415926535897948923548028687946498394012451171875
403;3.1415926535897948923548028687946498394012451171875
404;3.1415926535897948923548028687946498394012451171875
405;3.1415926535897948923548028687946498394012451171875
406;3.1415926535897948923548028687946498394012451171875
407;3.1415926535897948923548028687946498394012451171875
408;3.1415926535897948923548028687946498394012451171875
409;3.1415926535897948923548028687946498394012451171875
410;3.1415926535897948923548028687946498394012451171875
411;3.1415926535897948923548028687946498394012451171875
412;3.1415926535897948923548028687946498394012451171875
413;3.1415926535897948923548028687946498394012451171875
414;3.1415926535897948923548028687946498394012451171875
415;3.1415926535897948923548028687946498394012451171875
416;3.1415926535897948923548028687946498394012451171875
417;3.1415926535897948923548028687946498394012451171875
418;3.1415926535897948923548028687946498394012451171875
419;3.1415926535897948923548028687946498394012451171875
420;3.1415926535897948923548028687946498394012451171875
421;3.1415926535897948923548028687946498394012451171875
422;3.1415926535897948923548028687946498394012451171875
423;3.1415926535897948923548028687946498394012451171875
424;3.1415926535897948923548028687946498394012451171875
425;3.1415926535897948923548028687946498394012451171875
426;3.1415926535897948923548028687946498394012451171875
427;3.1415926535897948923548028687946498394012451171875
428;3.1415926535897948923548028687946498394012451171875
429;3.1415926535897948923548028687946498394012451171875
430;3.1415926535897948923548028687946498394012451171875
431;3.1415926535897948923548028687946498394012451171875
432;3.1415926535897948923548028687946498394012451171875
433;3.1415926535897948923548028687946498394012451171875
434;3.1415926535897948923548028687946498394012451171875
435;3.1415926535897948923548028687946498394012451171875
436;3.1415926535897948923548028687946498394012451171875
437;3.1415926535897948923548028687946498394012451171875
438;3.1415926535897948923548028687946498394012451171875
439;3.1415926535897948923548028687946498394012451171875
440;3.1415926535897948923548028687946498394012451171875
441;3.1415926535897948923548028687946498394012451171875
442;3.1415926535897948923548028687946498394012451171875
443;3.1415926535897948923548028687946498394012451171875
444;3.1415926535897948923548028687946498394012451171875
445;3.1415926535897948923548028687946498394012451171875
446;3.1415926535897948923548028687946498394012451171875
447;3.1415926535897948923548028687946498394012451171875
448;3.1415926535897948923548028687946498394012451171875
449;3.1415926535897948923548028687946498394012451171875
450;3.1415926535897948923548028687946498394012451171875
451;3.1415926535897948923548028687946498394012451171875
452;3.1415926535897948923548028687946498394012451171875
453;3.1415926535897948923548028687946498394012451171875
454;3.1415926535897948923548028687946498394012451171875
455;3.1415926535897948923548028687946498394012451171875
456;3.1415926535897948923548028687946498394012451171875
457;3.1415926535897948923548028687946498394012451171875
458;3.1415926535897948923548028687946498394012451171875
459;3.1415926535897948923548028687946498394012451171875
460;3.1415926535897948923548028687946498394012451171875
461;3.1415926535897948923548028687946498394012451171875
462;3.1415926535897948923548028687946498394012451171875
463;3.1415926535897948923548028687946498394012451171875
464;3.1415926535897948923548028687946498394012451171875
465;3.1415926535897948923548028687946498394012451171875
466;3.1415926535897948923548028687946498394012451171875
467;3.1415926535897948923548028687946498394012451171875
468;3.1415926535897948923548028687946498394012451171875
469;3.1415926535897948923548028687946498394012451171875
470;3.1415926535897948923548028687946498394012451171875
471;3.1415926535897948923548028687946498394012451171875
472;3.1415926535897948923548028687946498394012451171875
473;3.1415926535897948923548028687946498394012451171875
474;3.1415926535897948923548028687946498394012451171875
475;3.1415926535897948923548028687946498394012451171875
476;3.1415926535897948923548028687946498394012451171875
477;3.1415926535897948923548028687946498394012451171875
478;3.1415926535897948923548028687946498394012451171875
479;3.1415926535897948923548028687946498394012451171875
480;3.1415926535897948923548028687946498394012451171875
481;3.1415926535897948923548028687946498394012451171875
482;3.1415926535897948923548028687946498394012451171875
483;3.1415926535897948923548028687946498394012451171875
484;3.1415926535897948923548028687946498394012451171875
485;3.1415926535897948923548028687946498394012451171875
486;3.1415926535897948923548028687946498394012451171875
487;3.1415926535897948923548028687946498394012451171875
488;3.1415926535897948923548028687946498394012451171875
489;3.1415926535897948923548028687946498394012451171875
490;3.1415926535897948923548028687946498394012451171875
491;3.1415926535897948923548028687946498394012451171875
492;3.1415926535897948923548028687946498394012451171875
493;3.1415926535897948923548028687946498394012451171875
494;3.1415926535897948923548028687946498394012451171875
495;3.1415926535897948923548028687946498394012451171875
496;3.1415926535897948923548028687946498394012451171875
497;3.1415926535897948923548028687946498394012451171875
498;3.1415926535897948923548028687946498394012451171875
499;3.1415926535897948923548028687946498394012451171875
500;3.1415926535897948923548028687946498394012451171875
