time (days); x ; y ; r ; f ; E ; M ; P
107.074 ; -0.887781 ; 1.80766 ; 2.0139 ; 2.02732 ; 0.40999 ; 0.0245437 ; 27410.9
214.147 ; -2.27373 ; 2.46581 ; 3.35411 ; 2.31569 ; 0.574871 ; 0.0490874 ; 27410.9
321.221 ; -3.44702 ; 2.87512 ; 4.48868 ; 2.44641 ; 0.686692 ; 0.0736311 ; 27410.9
428.295 ; -4.48785 ; 3.17113 ; 5.49517 ; 2.52645 ; 0.774353 ; 0.0981748 ; 27410.9
535.369 ; -5.43554 ; 3.40049 ; 6.41158 ; 2.58256 ; 0.847802 ; 0.122718 ; 27410.9
642.442 ; -6.31253 ; 3.58528 ; 7.25963 ; 2.62506 ; 0.911749 ; 0.147262 ; 27410.9
749.516 ; -7.1331 ; 3.73787 ; 8.05313 ; 2.65892 ; 0.96883 ; 0.171806 ; 27410.9
856.59 ; -7.90706 ; 3.86595 ; 8.80154 ; 2.68685 ; 1.02068 ; 0.19635 ; 27410.9
963.664 ; -8.64148 ; 3.97464 ; 9.51173 ; 2.7105 ; 1.0684 ; 0.220893 ; 27410.9
1070.74 ; -9.34169 ; 4.06756 ; 10.1888 ; 2.73093 ; 1.11276 ; 0.245437 ; 27410.9
1177.81 ; -10.0118 ; 4.14737 ; 10.8368 ; 2.74886 ; 1.15432 ; 0.269981 ; 27410.9
1284.88 ; -10.6552 ; 4.21607 ; 11.459 ; 2.76481 ; 1.19351 ; 0.294524 ; 27410.9
1391.96 ; -11.2744 ; 4.27522 ; 12.0578 ; 2.77915 ; 1.23067 ; 0.319068 ; 27410.9
1499.03 ; -11.8718 ; 4.32607 ; 12.6355 ; 2.79215 ; 1.26606 ; 0.343612 ; 27410.9
1606.11 ; -12.4492 ; 4.36962 ; 13.1938 ; 2.80403 ; 1.29989 ; 0.368155 ; 27410.9
1713.18 ; -13.0081 ; 4.40669 ; 13.7343 ; 2.81496 ; 1.33234 ; 0.392699 ; 27410.9
1820.25 ; -13.55 ; 4.43798 ; 14.2582 ; 2.82508 ; 1.36355 ; 0.417243 ; 27410.9
1927.33 ; -14.0759 ; 4.46405 ; 14.7668 ; 2.83449 ; 1.39365 ; 0.441786 ; 27410.9
2034.4 ; -14.587 ; 4.48541 ; 15.2611 ; 2.84328 ; 1.42275 ; 0.46633 ; 27410.9
2141.47 ; -15.0842 ; 4.50248 ; 15.7418 ; 2.85152 ; 1.45094 ; 0.490874 ; 27410.9
2248.55 ; -15.5682 ; 4.51563 ; 16.2099 ; 2.85928 ; 1.47828 ; 0.515418 ; 27410.9
2355.62 ; -16.0398 ; 4.52516 ; 16.6659 ; 2.86662 ; 1.50486 ; 0.539961 ; 27410.9
2462.7 ; -16.4996 ; 4.53138 ; 17.1105 ; 2.87356 ; 1.53073 ; 0.564505 ; 27410.9
2569.77 ; -16.9482 ; 4.53452 ; 17.5443 ; 2.88016 ; 1.55594 ; 0.589049 ; 27410.9
2676.84 ; -17.3861 ; 4.5348 ; 17.9678 ; 2.88645 ; 1.58055 ; 0.613592 ; 27410.9
2783.92 ; -17.8139 ; 4.53243 ; 18.3815 ; 2.89245 ; 1.60458 ; 0.638136 ; 27410.9
2890.99 ; -18.2319 ; 4.52758 ; 18.7857 ; 2.89818 ; 1.62809 ; 0.66268 ; 27410.9
2998.06 ; -18.6406 ; 4.5204 ; 19.1809 ; 2.90368 ; 1.65111 ; 0.687223 ; 27410.9
3105.14 ; -19.0403 ; 4.51105 ; 19.5674 ; 2.90896 ; 1.67366 ; 0.711767 ; 27410.9
3212.21 ; -19.4313 ; 4.49965 ; 19.9455 ; 2.91404 ; 1.69577 ; 0.736311 ; 27410.9
3319.29 ; -19.8141 ; 4.48632 ; 20.3156 ; 2.91893 ; 1.71747 ; 0.760854 ; 27410.9
3426.36 ; -20.1888 ; 4.47118 ; 20.678 ; 2.92364 ; 1.73879 ; 0.785398 ; 27410.9
3533.43 ; -20.5557 ; 4.45432 ; 21.0328 ; 2.9282 ; 1.75973 ; 0.809942 ; 27410.9
3640.51 ; -20.9151 ; 4.43583 ; 21.3804 ; 2.9326 ; 1.78033 ; 0.834486 ; 27410.9
3747.58 ; -21.2673 ; 4.41579 ; 21.7209 ; 2.93687 ; 1.80061 ; 0.859029 ; 27410.9
3854.65 ; -21.6124 ; 4.39429 ; 22.0546 ; 2.941 ; 1.82057 ; 0.883573 ; 27410.9
3961.73 ; -21.9507 ; 4.37141 ; 22.3817 ; 2.94502 ; 1.84023 ; 0.908117 ; 27410.9
4068.8 ; -22.2823 ; 4.34719 ; 22.7024 ; 2.94892 ; 1.85961 ; 0.93266 ; 27410.9
4175.88 ; -22.6074 ; 4.32171 ; 23.0168 ; 2.95271 ; 1.87872 ; 0.957204 ; 27410.9
4282.95 ; -22.9263 ; 4.29503 ; 23.3251 ; 2.9564 ; 1.89758 ; 0.981748 ; 27410.9
4390.02 ; -23.239 ; 4.2672 ; 23.6275 ; 2.95999 ; 1.91618 ; 1.00629 ; 27410.9
4497.1 ; -23.5457 ; 4.23827 ; 23.9241 ; 2.9635 ; 1.93456 ; 1.03084 ; 27410.9
4604.17 ; -23.8466 ; 4.20829 ; 24.2151 ; 2.96692 ; 1.95271 ; 1.05538 ; 27410.9
4711.24 ; -24.1418 ; 4.1773 ; 24.5005 ; 2.97026 ; 1.97065 ; 1.07992 ; 27410.9
4818.32 ; -24.4314 ; 4.14534 ; 24.7805 ; 2.97352 ; 1.98838 ; 1.10447 ; 27410.9
4925.39 ; -24.7155 ; 4.11246 ; 25.0553 ; 2.97671 ; 2.00591 ; 1.12901 ; 27410.9
5032.46 ; -24.9943 ; 4.07869 ; 25.3249 ; 2.97983 ; 2.02325 ; 1.15355 ; 27410.9
5139.54 ; -25.2679 ; 4.04407 ; 25.5895 ; 2.98289 ; 2.04041 ; 1.1781 ; 27410.9
5246.61 ; -25.5363 ; 4.00863 ; 25.849 ; 2.98589 ; 2.0574 ; 1.20264 ; 27410.9
5353.69 ; -25.7997 ; 3.97239 ; 26.1038 ; 2.98882 ; 2.07422 ; 1.22718 ; 27410.9
5460.76 ; -26.0582 ; 3.9354 ; 26.3537 ; 2.9917 ; 2.09087 ; 1.25173 ; 27410.9
5567.83 ; -26.3119 ; 3.89768 ; 26.599 ; 2.99453 ; 2.10737 ; 1.27627 ; 27410.9
5674.91 ; -26.5608 ; 3.85926 ; 26.8397 ; 2.9973 ; 2.12372 ; 1.30082 ; 27410.9
5781.98 ; -26.8051 ; 3.82016 ; 27.0759 ; 3.00003 ; 2.13993 ; 1.32536 ; 27410.9
5889.05 ; -27.0447 ; 3.7804 ; 27.3077 ; 3.00271 ; 2.156 ; 1.3499 ; 27410.9
5996.13 ; -27.2799 ; 3.74001 ; 27.535 ; 3.00534 ; 2.17193 ; 1.37445 ; 27410.9
6103.2 ; -27.5106 ; 3.69902 ; 27.7581 ; 3.00794 ; 2.18773 ; 1.39899 ; 27410.9
6210.28 ; -27.7369 ; 3.65743 ; 27.977 ; 3.01049 ; 2.20341 ; 1.42353 ; 27410.9
6317.35 ; -27.9589 ; 3.61528 ; 28.1917 ; 3.013 ; 2.21896 ; 1.44808 ; 27410.9
6424.42 ; -28.1767 ; 3.57258 ; 28.4023 ; 3.01547 ; 2.2344 ; 1.47262 ; 27410.9
6531.5 ; -28.3903 ; 3.52935 ; 28.6089 ; 3.01791 ; 2.24973 ; 1.49717 ; 27410.9
6638.57 ; -28.5998 ; 3.48561 ; 28.8114 ; 3.02032 ; 2.26494 ; 1.52171 ; 27410.9
6745.64 ; -28.8052 ; 3.44138 ; 29.0101 ; 3.02269 ; 2.28006 ; 1.54625 ; 27410.9
6852.72 ; -29.0067 ; 3.39666 ; 29.2049 ; 3.02502 ; 2.29506 ; 1.5708 ; 27410.9
6959.79 ; -29.2041 ; 3.35148 ; 29.3958 ; 3.02733 ; 2.30997 ; 1.59534 ; 27410.9
7066.87 ; -29.3977 ; 3.30585 ; 29.583 ; 3.02961 ; 2.32479 ; 1.61988 ; 27410.9
7173.94 ; -29.5874 ; 3.25979 ; 29.7664 ; 3.03186 ; 2.33951 ; 1.64443 ; 27410.9
7281.01 ; -29.7733 ; 3.21331 ; 29.9462 ; 3.03408 ; 2.35414 ; 1.66897 ; 27410.9
7388.09 ; -29.9554 ; 3.16642 ; 30.1223 ; 3.03628 ; 2.36869 ; 1.69351 ; 27410.9
7495.16 ; -30.1338 ; 3.11914 ; 30.2948 ; 3.03845 ; 2.38315 ; 1.71806 ; 27410.9
7602.23 ; -30.3085 ; 3.07148 ; 30.4637 ; 3.0406 ; 2.39753 ; 1.7426 ; 27410.9
7709.31 ; -30.4796 ; 3.02345 ; 30.6292 ; 3.04272 ; 2.41183 ; 1.76715 ; 27410.9
7816.38 ; -30.647 ; 2.97506 ; 30.7911 ; 3.04482 ; 2.42606 ; 1.79169 ; 27410.9
7923.46 ; -30.8109 ; 2.92633 ; 30.9496 ; 3.0469 ; 2.44021 ; 1.81623 ; 27410.9
8030.53 ; -30.9713 ; 2.87725 ; 31.1047 ; 3.04896 ; 2.45429 ; 1.84078 ; 27410.9
8137.6 ; -31.1282 ; 2.82786 ; 31.2564 ; 3.051 ; 2.4683 ; 1.86532 ; 27410.9
8244.68 ; -31.2816 ; 2.77815 ; 31.4047 ; 3.05301 ; 2.48225 ; 1.88986 ; 27410.9
8351.75 ; -31.4316 ; 2.72813 ; 31.5498 ; 3.05501 ; 2.49613 ; 1.91441 ; 27410.9
8458.82 ; -31.5782 ; 2.67782 ; 31.6915 ; 3.057 ; 2.50994 ; 1.93895 ; 27410.9
8565.9 ; -31.7214 ; 2.62723 ; 31.83 ; 3.05896 ; 2.5237 ; 1.9635 ; 27410.9
8672.97 ; -31.8612 ; 2.57636 ; 31.9652 ; 3.06091 ; 2.53739 ; 1.98804 ; 27410.9
8780.05 ; -31.9978 ; 2.52522 ; 32.0973 ; 3.06284 ; 2.55103 ; 2.01258 ; 27410.9
8887.12 ; -32.1311 ; 2.47382 ; 32.2262 ; 3.06475 ; 2.56462 ; 2.03713 ; 27410.9
8994.19 ; -32.2611 ; 2.42216 ; 32.3519 ; 3.06665 ; 2.57815 ; 2.06167 ; 27410.9
9101.27 ; -32.3878 ; 2.37027 ; 32.4745 ; 3.06854 ; 2.59163 ; 2.08621 ; 27410.9
9208.34 ; -32.5114 ; 2.31814 ; 32.5939 ; 3.07041 ; 2.60505 ; 2.11076 ; 27410.9
9315.41 ; -32.6318 ; 2.26578 ; 32.7103 ; 3.07227 ; 2.61843 ; 2.1353 ; 27410.9
9422.49 ; -32.749 ; 2.21321 ; 32.8237 ; 3.07411 ; 2.63177 ; 2.15984 ; 27410.9
9529.56 ; -32.863 ; 2.16042 ; 32.9339 ; 3.07595 ; 2.64505 ; 2.18439 ; 27410.9
9636.64 ; -32.9739 ; 2.10742 ; 33.0412 ; 3.07777 ; 2.6583 ; 2.20893 ; 27410.9
9743.71 ; -33.0818 ; 2.05423 ; 33.1455 ; 3.07958 ; 2.6715 ; 2.23348 ; 27410.9
9850.78 ; -33.1865 ; 2.00084 ; 33.2468 ; 3.08137 ; 2.68466 ; 2.25802 ; 27410.9
9957.86 ; -33.2882 ; 1.94727 ; 33.3451 ; 3.08316 ; 2.69778 ; 2.28256 ; 27410.9
10064.9 ; -33.3868 ; 1.89353 ; 33.4404 ; 3.08494 ; 2.71086 ; 2.30711 ; 27410.9
10172 ; -33.4824 ; 1.83961 ; 33.5328 ; 3.08671 ; 2.72391 ; 2.33165 ; 27410.9
10279.1 ; -33.5749 ; 1.78552 ; 33.6224 ; 3.08846 ; 2.73692 ; 2.35619 ; 27410.9
10386.2 ; -33.6645 ; 1.73127 ; 33.709 ; 3.09021 ; 2.7499 ; 2.38074 ; 27410.9
10493.2 ; -33.7511 ; 1.67687 ; 33.7927 ; 3.09195 ; 2.76284 ; 2.40528 ; 27410.9
10600.3 ; -33.8347 ; 1.62233 ; 33.8735 ; 3.09368 ; 2.77575 ; 2.42983 ; 27410.9
10707.4 ; -33.9153 ; 1.56764 ; 33.9515 ; 3.0954 ; 2.78864 ; 2.45437 ; 27410.9
10814.4 ; -33.993 ; 1.51281 ; 34.0267 ; 3.09712 ; 2.80149 ; 2.47891 ; 27410.9
10921.5 ; -34.0678 ; 1.45786 ; 34.099 ; 3.09883 ; 2.81431 ; 2.50346 ; 27410.9
11028.6 ; -34.1396 ; 1.40278 ; 34.1685 ; 3.10053 ; 2.82711 ; 2.528 ; 27410.9
11135.7 ; -34.2086 ; 1.34758 ; 34.2351 ; 3.10222 ; 2.83989 ; 2.55254 ; 27410.9
11242.7 ; -34.2746 ; 1.29226 ; 34.299 ; 3.10391 ; 2.85264 ; 2.57709 ; 27410.9
11349.8 ; -34.3378 ; 1.23684 ; 34.3601 ; 3.10559 ; 2.86536 ; 2.60163 ; 27410.9
11456.9 ; -34.3981 ; 1.18131 ; 34.4184 ; 3.10726 ; 2.87807 ; 2.62618 ; 27410.9
11564 ; -34.4555 ; 1.12569 ; 34.4739 ; 3.10893 ; 2.89075 ; 2.65072 ; 27410.9
11671 ; -34.5101 ; 1.06997 ; 34.5267 ; 3.1106 ; 2.90341 ; 2.67526 ; 27410.9
11778.1 ; -34.5618 ; 1.01416 ; 34.5767 ; 3.11226 ; 2.91606 ; 2.69981 ; 27410.9
11885.2 ; -34.6107 ; 0.958274 ; 34.6239 ; 3.11391 ; 2.92868 ; 2.72435 ; 27410.9
11992.3 ; -34.6567 ; 0.902306 ; 34.6685 ; 3.11556 ; 2.94129 ; 2.74889 ; 27410.9
12099.3 ; -34.6999 ; 0.846264 ; 34.7103 ; 3.11721 ; 2.95389 ; 2.77344 ; 27410.9
12206.4 ; -34.7403 ; 0.790154 ; 34.7493 ; 3.11885 ; 2.96647 ; 2.79798 ; 27410.9
12313.5 ; -34.7779 ; 0.733979 ; 34.7857 ; 3.12049 ; 2.97903 ; 2.82252 ; 27410.9
12420.6 ; -34.8127 ; 0.677745 ; 34.8193 ; 3.12213 ; 2.99158 ; 2.84707 ; 27410.9
12527.6 ; -34.8447 ; 0.621457 ; 34.8502 ; 3.12376 ; 3.00412 ; 2.87161 ; 27410.9
12634.7 ; -34.8739 ; 0.565119 ; 34.8784 ; 3.12539 ; 3.01666 ; 2.89616 ; 27410.9
12741.8 ; -34.9002 ; 0.508735 ; 34.904 ; 3.12702 ; 3.02918 ; 2.9207 ; 27410.9
12848.8 ; -34.9238 ; 0.452311 ; 34.9268 ; 3.12864 ; 3.04169 ; 2.94524 ; 27410.9
12955.9 ; -34.9447 ; 0.395851 ; 34.9469 ; 3.13027 ; 3.05419 ; 2.96979 ; 27410.9
13063 ; -34.9627 ; 0.339359 ; 34.9643 ; 3.13189 ; 3.06669 ; 2.99433 ; 27410.9
13170.1 ; -34.9779 ; 0.28284 ; 34.9791 ; 3.13351 ; 3.07918 ; 3.01887 ; 27410.9
13277.1 ; -34.9904 ; 0.226299 ; 34.9912 ; 3.13513 ; 3.09167 ; 3.04342 ; 27410.9
13384.2 ; -35.0001 ; 0.16974 ; 35.0005 ; 3.13674 ; 3.10416 ; 3.06796 ; 27410.9
13491.3 ; -35.0071 ; 0.113168 ; 35.0072 ; 3.13836 ; 3.11664 ; 3.09251 ; 27410.9
13598.4 ; -35.0112 ; 0.056586 ; 35.0113 ; 3.13998 ; 3.12911 ; 3.11705 ; 27410.9
13705.4 ; -35.0126 ; 3.53852e-14 ; 35.0126 ; 3.14159 ; 3.14159 ; 3.14159 ; 27410.9
13812.5 ; -35.0112 ; -0.056586 ; 35.0113 ; -3.13998 ; 3.15407 ; 3.16614 ; 27410.9
13919.6 ; -35.0071 ; -0.113168 ; 35.0072 ; -3.13836 ; 3.16655 ; 3.19068 ; 27410.9
14026.7 ; -35.0001 ; -0.16974 ; 35.0005 ; -3.13674 ; 3.17903 ; 3.21522 ; 27410.9
14133.7 ; -34.9904 ; -0.226299 ; 34.9912 ; -3.13513 ; 3.19151 ; 3.23977 ; 27410.9
14240.8 ; -34.9779 ; -0.28284 ; 34.9791 ; -3.13351 ; 3.204 ; 3.26431 ; 27410.9
14347.9 ; -34.9627 ; -0.339359 ; 34.9643 ; -3.13189 ; 3.21649 ; 3.28885 ; 27410.9
14455 ; -34.9447 ; -0.395851 ; 34.9469 ; -3.13027 ; 3.22899 ; 3.3134 ; 27410.9
14562 ; -34.9238 ; -0.452311 ; 34.9268 ; -3.12864 ; 3.2415 ; 3.33794 ; 27410.9
14669.1 ; -34.9002 ; -0.508735 ; 34.904 ; -3.12702 ; 3.25401 ; 3.36249 ; 27410.9
14776.2 ; -34.8739 ; -0.565119 ; 34.8784 ; -3.12539 ; 3.26653 ; 3.38703 ; 27410.9
14883.2 ; -34.8447 ; -0.621457 ; 34.8502 ; -3.12376 ; 3.27906 ; 3.41157 ; 27410.9
14990.3 ; -34.8127 ; -0.677745 ; 34.8193 ; -3.12213 ; 3.2916 ; 3.43612 ; 27410.9
15097.4 ; -34.7779 ; -0.733979 ; 34.7857 ; -3.12049 ; 3.30415 ; 3.46066 ; 27410.9
15204.5 ; -34.7403 ; -0.790154 ; 34.7493 ; -3.11885 ; 3.31672 ; 3.4852 ; 27410.9
15311.5 ; -34.6999 ; -0.846264 ; 34.7103 ; -3.11721 ; 3.3293 ; 3.50975 ; 27410.9
15418.6 ; -34.6567 ; -0.902306 ; 34.6685 ; -3.11556 ; 3.34189 ; 3.53429 ; 27410.9
15525.7 ; -34.6107 ; -0.958274 ; 34.6239 ; -3.11391 ; 3.3545 ; 3.55884 ; 27410.9
15632.8 ; -34.5618 ; -1.01416 ; 34.5767 ; -3.11226 ; 3.36713 ; 3.58338 ; 27410.9
15739.8 ; -34.5101 ; -1.06997 ; 34.5267 ; -3.1106 ; 3.37977 ; 3.60792 ; 27410.9
15846.9 ; -34.4555 ; -1.12569 ; 34.4739 ; -3.10893 ; 3.39244 ; 3.63247 ; 27410.9
15954 ; -34.3981 ; -1.18131 ; 34.4184 ; -3.10726 ; 3.40512 ; 3.65701 ; 27410.9
16061.1 ; -34.3378 ; -1.23684 ; 34.3601 ; -3.10559 ; 3.41782 ; 3.68155 ; 27410.9
16168.1 ; -34.2746 ; -1.29226 ; 34.299 ; -3.10391 ; 3.43055 ; 3.7061 ; 27410.9
16275.2 ; -34.2086 ; -1.34758 ; 34.2351 ; -3.10222 ; 3.4433 ; 3.73064 ; 27410.9
16382.3 ; -34.1396 ; -1.40278 ; 34.1685 ; -3.10053 ; 3.45607 ; 3.75518 ; 27410.9
16489.4 ; -34.0678 ; -1.45786 ; 34.099 ; -3.09883 ; 3.46887 ; 3.77973 ; 27410.9
16596.4 ; -33.993 ; -1.51281 ; 34.0267 ; -3.09712 ; 3.4817 ; 3.80427 ; 27410.9
16703.5 ; -33.9153 ; -1.56764 ; 33.9515 ; -3.0954 ; 3.49455 ; 3.82882 ; 27410.9
16810.6 ; -33.8347 ; -1.62233 ; 33.8735 ; -3.09368 ; 3.50743 ; 3.85336 ; 27410.9
16917.6 ; -33.7511 ; -1.67687 ; 33.7927 ; -3.09195 ; 3.52034 ; 3.8779 ; 27410.9
17024.7 ; -33.6645 ; -1.73127 ; 33.709 ; -3.09021 ; 3.53329 ; 3.90245 ; 27410.9
17131.8 ; -33.5749 ; -1.78552 ; 33.6224 ; -3.08846 ; 3.54627 ; 3.92699 ; 27410.9
17238.9 ; -33.4824 ; -1.83961 ; 33.5328 ; -3.08671 ; 3.55928 ; 3.95153 ; 27410.9
17345.9 ; -33.3868 ; -1.89353 ; 33.4404 ; -3.08494 ; 3.57232 ; 3.97608 ; 27410.9
17453 ; -33.2882 ; -1.94727 ; 33.3451 ; -3.08316 ; 3.58541 ; 4.00062 ; 27410.9
17560.1 ; -33.1865 ; -2.00084 ; 33.2468 ; -3.08137 ; 3.59853 ; 4.02517 ; 27410.9
17667.2 ; -33.0818 ; -2.05423 ; 33.1455 ; -3.07958 ; 3.61169 ; 4.04971 ; 27410.9
17774.2 ; -32.9739 ; -2.10742 ; 33.0412 ; -3.07777 ; 3.62489 ; 4.07425 ; 27410.9
17881.3 ; -32.863 ; -2.16042 ; 32.9339 ; -3.07595 ; 3.63813 ; 4.0988 ; 27410.9
17988.4 ; -32.749 ; -2.21321 ; 32.8237 ; -3.07411 ; 3.65142 ; 4.12334 ; 27410.9
18095.5 ; -32.6318 ; -2.26578 ; 32.7103 ; -3.07227 ; 3.66475 ; 4.14788 ; 27410.9
18202.5 ; -32.5114 ; -2.31814 ; 32.5939 ; -3.07041 ; 3.67813 ; 4.17243 ; 27410.9
18309.6 ; -32.3878 ; -2.37027 ; 32.4745 ; -3.06854 ; 3.69156 ; 4.19697 ; 27410.9
18416.7 ; -32.2611 ; -2.42216 ; 32.3519 ; -3.06665 ; 3.70504 ; 4.22152 ; 27410.9
18523.8 ; -32.1311 ; -2.47382 ; 32.2262 ; -3.06475 ; 3.71857 ; 4.24606 ; 27410.9
18630.8 ; -31.9978 ; -2.52522 ; 32.0973 ; -3.06284 ; 3.73215 ; 4.2706 ; 27410.9
18737.9 ; -31.8612 ; -2.57636 ; 31.9652 ; -3.06091 ; 3.74579 ; 4.29515 ; 27410.9
18845 ; -31.7214 ; -2.62723 ; 31.83 ; -3.05896 ; 3.75949 ; 4.31969 ; 27410.9
18952 ; -31.5782 ; -2.67782 ; 31.6915 ; -3.057 ; 3.77324 ; 4.34423 ; 27410.9
19059.1 ; -31.4316 ; -2.72813 ; 31.5498 ; -3.05501 ; 3.78706 ; 4.36878 ; 27410.9
19166.2 ; -31.2816 ; -2.77815 ; 31.4047 ; -3.05301 ; 3.80094 ; 4.39332 ; 27410.9
19273.3 ; -31.1282 ; -2.82786 ; 31.2564 ; -3.051 ; 3.81488 ; 4.41786 ; 27410.9
19380.3 ; -30.9713 ; -2.87725 ; 31.1047 ; -3.04896 ; 3.82889 ; 4.44241 ; 27410.9
19487.4 ; -30.8109 ; -2.92633 ; 30.9496 ; -3.0469 ; 3.84297 ; 4.46695 ; 27410.9
19594.5 ; -30.647 ; -2.97506 ; 30.7911 ; -3.04482 ; 3.85713 ; 4.4915 ; 27410.9
19701.6 ; -30.4796 ; -3.02345 ; 30.6292 ; -3.04272 ; 3.87135 ; 4.51604 ; 27410.9
19808.6 ; -30.3085 ; -3.07148 ; 30.4637 ; -3.0406 ; 3.88565 ; 4.54058 ; 27410.9
19915.7 ; -30.1338 ; -3.11914 ; 30.2948 ; -3.03845 ; 3.90003 ; 4.56513 ; 27410.9
20022.8 ; -29.9554 ; -3.16642 ; 30.1223 ; -3.03628 ; 3.9145 ; 4.58967 ; 27410.9
20129.9 ; -29.7733 ; -3.21331 ; 29.9462 ; -3.03408 ; 3.92904 ; 4.61421 ; 27410.9
20236.9 ; -29.5874 ; -3.25979 ; 29.7664 ; -3.03186 ; 3.94367 ; 4.63876 ; 27410.9
20344 ; -29.3977 ; -3.30585 ; 29.583 ; -3.02961 ; 3.9584 ; 4.6633 ; 27410.9
20451.1 ; -29.2041 ; -3.35148 ; 29.3958 ; -3.02733 ; 3.97321 ; 4.68785 ; 27410.9
20558.2 ; -29.0067 ; -3.39666 ; 29.2049 ; -3.02502 ; 3.98812 ; 4.71239 ; 27410.9
20665.2 ; -28.8052 ; -3.44138 ; 29.0101 ; -3.02269 ; 4.00313 ; 4.73693 ; 27410.9
20772.3 ; -28.5998 ; -3.48561 ; 28.8114 ; -3.02032 ; 4.01824 ; 4.76148 ; 27410.9
20879.4 ; -28.3903 ; -3.52935 ; 28.6089 ; -3.01791 ; 4.03346 ; 4.78602 ; 27410.9
20986.4 ; -28.1767 ; -3.57258 ; 28.4023 ; -3.01547 ; 4.04878 ; 4.81056 ; 27410.9
21093.5 ; -27.9589 ; -3.61528 ; 28.1917 ; -3.013 ; 4.06422 ; 4.83511 ; 27410.9
21200.6 ; -27.7369 ; -3.65743 ; 27.977 ; -3.01049 ; 4.07978 ; 4.85965 ; 27410.9
21307.7 ; -27.5106 ; -3.69902 ; 27.7581 ; -3.00794 ; 4.09546 ; 4.88419 ; 27410.9
21414.7 ; -27.2799 ; -3.74001 ; 27.535 ; -3.00534 ; 4.11126 ; 4.90874 ; 27410.9
21521.8 ; -27.0447 ; -3.7804 ; 27.3077 ; -3.00271 ; 4.12719 ; 4.93328 ; 27410.9
21628.9 ; -26.8051 ; -3.82016 ; 27.0759 ; -3.00003 ; 4.14326 ; 4.95783 ; 27410.9
21736 ; -26.5608 ; -3.85926 ; 26.8397 ; -2.9973 ; 4.15946 ; 4.98237 ; 27410.9
21843 ; -26.3119 ; -3.89768 ; 26.599 ; -2.99453 ; 4.17581 ; 5.00691 ; 27410.9
21950.1 ; -26.0582 ; -3.9354 ; 26.3537 ; -2.9917 ; 4.19231 ; 5.03146 ; 27410.9
22057.2 ; -25.7997 ; -3.97239 ; 26.1038 ; -2.98882 ; 4.20897 ; 5.056 ; 27410.9
22164.3 ; -25.5363 ; -4.00863 ; 25.849 ; -2.98589 ; 4.22579 ; 5.08054 ; 27410.9
22271.3 ; -25.2679 ; -4.04407 ; 25.5895 ; -2.98289 ; 4.24277 ; 5.10509 ; 27410.9
22378.4 ; -24.9943 ; -4.07869 ; 25.3249 ; -2.97983 ; 4.25993 ; 5.12963 ; 27410.9
22485.5 ; -24.7155 ; -4.11246 ; 25.0553 ; -2.97671 ; 4.27728 ; 5.15418 ; 27410.9
22592.6 ; -24.4314 ; -4.14534 ; 24.7805 ; -2.97352 ; 4.29481 ; 5.17872 ; 27410.9
22699.6 ; -24.1418 ; -4.1773 ; 24.5005 ; -2.97026 ; 4.31254 ; 5.20326 ; 27410.9
22806.7 ; -23.8466 ; -4.20829 ; 24.2151 ; -2.96692 ; 4.33048 ; 5.22781 ; 27410.9
22913.8 ; -23.5457 ; -4.23827 ; 23.9241 ; -2.9635 ; 4.34863 ; 5.25235 ; 27410.9
23020.9 ; -23.239 ; -4.2672 ; 23.6275 ; -2.95999 ; 4.367 ; 5.27689 ; 27410.9
23127.9 ; -22.9263 ; -4.29503 ; 23.3251 ; -2.9564 ; 4.38561 ; 5.30144 ; 27410.9
23235 ; -22.6074 ; -4.32171 ; 23.0168 ; -2.95271 ; 4.40446 ; 5.32598 ; 27410.9
23342.1 ; -22.2823 ; -4.34719 ; 22.7024 ; -2.94892 ; 4.42358 ; 5.35052 ; 27410.9
23449.1 ; -21.9507 ; -4.37141 ; 22.3817 ; -2.94502 ; 4.44296 ; 5.37507 ; 27410.9
23556.2 ; -21.6124 ; -4.39429 ; 22.0546 ; -2.941 ; 4.46262 ; 5.39961 ; 27410.9
23663.3 ; -21.2673 ; -4.41579 ; 21.7209 ; -2.93687 ; 4.48258 ; 5.42416 ; 27410.9
23770.4 ; -20.9151 ; -4.43583 ; 21.3804 ; -2.9326 ; 4.50285 ; 5.4487 ; 27410.9
23877.4 ; -20.5557 ; -4.45432 ; 21.0328 ; -2.9282 ; 4.52345 ; 5.47324 ; 27410.9
23984.5 ; -20.1888 ; -4.47118 ; 20.678 ; -2.92364 ; 4.5444 ; 5.49779 ; 27410.9
24091.6 ; -19.8141 ; -4.48632 ; 20.3156 ; -2.91893 ; 4.56571 ; 5.52233 ; 27410.9
24198.7 ; -19.4313 ; -4.49965 ; 19.9455 ; -2.91404 ; 4.58742 ; 5.54687 ; 27410.9
24305.7 ; -19.0403 ; -4.51105 ; 19.5674 ; -2.90896 ; 4.60953 ; 5.57142 ; 27410.9
24412.8 ; -18.6406 ; -4.5204 ; 19.1809 ; -2.90368 ; 4.63208 ; 5.59596 ; 27410.9
24519.9 ; -18.2319 ; -4.52758 ; 18.7857 ; -2.89818 ; 4.65509 ; 5.62051 ; 27410.9
24627 ; -17.8139 ; -4.53243 ; 18.3815 ; -2.89245 ; 4.6786 ; 5.64505 ; 27410.9
24734 ; -17.3861 ; -4.5348 ; 17.9678 ; -2.88645 ; 4.70264 ; 5.66959 ; 27410.9
24841.1 ; -16.9482 ; -4.53452 ; 17.5443 ; -2.88016 ; 4.72724 ; 5.69414 ; 27410.9
24948.2 ; -16.4996 ; -4.53138 ; 17.1105 ; -2.87356 ; 4.75246 ; 5.71868 ; 27410.9
25055.3 ; -16.0398 ; -4.52516 ; 16.6659 ; -2.86662 ; 4.77833 ; 5.74322 ; 27410.9
25162.3 ; -15.5682 ; -4.51563 ; 16.2099 ; -2.85928 ; 4.8049 ; 5.76777 ; 27410.9
25269.4 ; -15.0842 ; -4.50248 ; 15.7418 ; -2.85152 ; 4.83225 ; 5.79231 ; 27410.9
25376.5 ; -14.587 ; -4.48541 ; 15.2611 ; -2.84328 ; 4.86043 ; 5.81686 ; 27410.9
25483.5 ; -14.0759 ; -4.46405 ; 14.7668 ; -2.83449 ; 4.88953 ; 5.8414 ; 27410.9
25590.6 ; -13.55 ; -4.43798 ; 14.2582 ; -2.82508 ; 4.91964 ; 5.86594 ; 27410.9
25697.7 ; -13.0081 ; -4.40669 ; 13.7343 ; -2.81496 ; 4.95085 ; 5.89049 ; 27410.9
25804.8 ; -12.4492 ; -4.36962 ; 13.1938 ; -2.80403 ; 4.9833 ; 5.91503 ; 27410.9
25911.8 ; -11.8718 ; -4.32607 ; 12.6355 ; -2.79215 ; 5.01713 ; 5.93957 ; 27410.9
26018.9 ; -11.2744 ; -4.27522 ; 12.0578 ; -2.77915 ; 5.05251 ; 5.96412 ; 27410.9
26126 ; -10.6552 ; -4.21607 ; 11.459 ; -2.76481 ; 5.08967 ; 5.98866 ; 27410.9
26233.1 ; -10.0118 ; -4.14737 ; 10.8368 ; -2.74886 ; 5.12886 ; 6.0132 ; 27410.9
26340.1 ; -9.34169 ; -4.06756 ; 10.1888 ; -2.73093 ; 5.17042 ; 6.03775 ; 27410.9
26447.2 ; -8.64148 ; -3.97464 ; 9.51173 ; -2.7105 ; 5.21478 ; 6.06229 ; 27410.9
26554.3 ; -7.90706 ; -3.86595 ; 8.80154 ; -2.68685 ; 5.2625 ; 6.08684 ; 27410.9
26661.4 ; -7.1331 ; -3.73787 ; 8.05313 ; -2.65892 ; 5.31435 ; 6.11138 ; 27410.9
26768.4 ; -6.31253 ; -3.58528 ; 7.25963 ; -2.62506 ; 5.37144 ; 6.13592 ; 27410.9
26875.5 ; -5.43554 ; -3.40049 ; 6.41158 ; -2.58256 ; 5.43538 ; 6.16047 ; 27410.9
26982.6 ; -4.48785 ; -3.17113 ; 5.49517 ; -2.52645 ; 5.50883 ; 6.18501 ; 27410.9
27089.7 ; -3.44702 ; -2.87512 ; 4.48868 ; -2.44641 ; 5.59649 ; 6.20955 ; 27410.9
27196.7 ; -2.27373 ; -2.46581 ; 3.35411 ; -2.31569 ; 5.70831 ; 6.2341 ; 27410.9
27303.8 ; -0.887781 ; -1.80766 ; 2.0139 ; -2.02732 ; 5.87319 ; 6.25864 ; 27410.9
27410.9 ; 0.5874 ; 1.80145e-13 ; 0.5874 ; 3.06682e-13 ; 6.28319 ; 6.28319 ; 27410.9
