time (days); x ; y ; r ; f ; E ; M ; P
1 ; 0.194758 ; -0.270952 ; 0.333685 ; -0.94757 ; 558.414 ; 558.56 ; 88.8975
2 ; -0.049185 ; -0.380528 ; 0.383693 ; -1.69934 ; 1116.92 ; 1117.12 ; 88.8975
3 ; -0.279323 ; -0.328069 ; 0.430871 ; -2.27611 ; 1675.5 ; 1675.68 ; 88.8975
4 ; -0.42709 ; -0.173971 ; 0.461164 ; -2.75477 ; 2234.15 ; 2234.24 ; 88.8975
5 ; -0.469152 ; 0.024403 ; 0.469786 ; 3.08962 ; 2792.81 ; 2792.8 ; 88.8975
6 ; -0.400874 ; 0.216896 ; 0.45579 ; 2.64564 ; 3351.48 ; 3351.36 ; 88.8975
7 ; -0.23018 ; 0.352261 ; 0.420797 ; 2.14958 ; 3910.11 ; 3909.92 ; 88.8975
8 ; 0.0121013 ; 0.370932 ; 0.371129 ; 1.53818 ; 4468.68 ; 4468.48 ; 88.8975
9 ; 0.240513 ; 0.217549 ; 0.324305 ; 0.735308 ; 5027.15 ; 5027.04 ; 88.8975
10 ; 0.302764 ; -0.0734387 ; 0.311544 ; -0.237965 ; 5585.56 ; 5585.6 ; 88.8975
11 ; 0.14161 ; -0.314137 ; 0.34458 ; -1.14729 ; 6143.99 ; 6144.16 ; 88.8975
12 ; -0.10927 ; -0.380637 ; 0.396011 ; -1.85035 ; 6702.51 ; 6702.72 ; 88.8975
13 ; -0.323554 ; -0.298092 ; 0.439939 ; -2.39713 ; 7261.12 ; 7261.28 ; 88.8975
14 ; -0.447172 ; -0.128544 ; 0.46528 ; -2.86168 ; 7819.77 ; 7819.84 ; 88.8975
15 ; -0.462776 ; 0.0728769 ; 0.468479 ; 2.9854 ; 8378.44 ; 8378.4 ; 88.8975
16 ; -0.368696 ; 0.256589 ; 0.449193 ; 2.5336 ; 8937.09 ; 8936.96 ; 88.8975
17 ; -0.176696 ; 0.369786 ; 0.409833 ; 2.01655 ; 9495.71 ; 9495.52 ; 88.8975
18 ; 0.0730257 ; 0.351127 ; 0.35864 ; 1.36574 ; 10054.3 ; 10054.1 ; 88.8975
19 ; 0.276348 ; 0.155225 ; 0.316959 ; 0.511781 ; 10612.7 ; 10612.6 ; 88.8975
20 ; 0.281446 ; -0.14349 ; 0.315914 ; -0.471482 ; 11171.1 ; 11171.2 ; 88.8975
21 ; 0.0835631 ; -0.346547 ; 0.35648 ; -1.33418 ; 11729.6 ; 11729.8 ; 88.8975
22 ; -0.166896 ; -0.37211 ; 0.407824 ; -1.99241 ; 12288.1 ; 12288.3 ; 88.8975
23 ; -0.362438 ; -0.263177 ; 0.44791 ; -2.51354 ; 12846.7 ; 12846.9 ; 88.8975
24 ; -0.460998 ; -0.0813154 ; 0.468115 ; -2.967 ; 13405.4 ; 13405.4 ; 88.8975
25 ; -0.450058 ; 0.120351 ; 0.465872 ; 2.8803 ; 13964.1 ; 13964 ; 88.8975
26 ; -0.330789 ; 0.292287 ; 0.441422 ; 2.41791 ; 14522.7 ; 14522.6 ; 88.8975
27 ; -0.119611 ; 0.379738 ; 0.398131 ; 1.87594 ; 15081.3 ; 15081.1 ; 88.8975
28 ; 0.131691 ; 0.320622 ; 0.346614 ; 1.18107 ; 15639.8 ; 15639.7 ; 88.8975
29 ; 0.300001 ; 0.0860926 ; 0.31211 ; 0.279464 ; 16198.3 ; 16198.2 ; 88.8975
30 ; 0.247602 ; -0.207188 ; 0.322852 ; -0.696769 ; 16756.7 ; 16756.8 ; 88.8975
31 ; 0.0228889 ; -0.368207 ; 0.368918 ; -1.50871 ; 17315.2 ; 17315.4 ; 88.8975
32 ; -0.221072 ; -0.35585 ; 0.41893 ; -2.12669 ; 17873.7 ; 17873.9 ; 88.8975
33 ; -0.395643 ; -0.22413 ; 0.454717 ; -2.62617 ; 18432.4 ; 18432.5 ; 88.8975
34 ; -0.468493 ; -0.0329687 ; 0.469651 ; -3.07134 ; 18991 ; 18991 ; 88.8975
35 ; -0.431069 ; 0.166145 ; 0.461979 ; 2.77371 ; 19549.7 ; 19549.6 ; 88.8975
36 ; -0.287469 ; 0.323193 ; 0.432541 ; 2.29776 ; 20108.3 ; 20108.2 ; 88.8975
37 ; -0.0598757 ; 0.381211 ; 0.385885 ; 1.72659 ; 20666.9 ; 20666.7 ; 88.8975
38 ; 0.185876 ; 0.27931 ; 0.335506 ; 0.983613 ; 21225.4 ; 21225.3 ; 88.8975
39 ; 0.309823 ; 0.0130109 ; 0.310096 ; 0.0419698 ; 21783.8 ; 21783.8 ; 88.8975
40 ; 0.203411 ; -0.262276 ; 0.331911 ; -0.911137 ; 22342.2 ; 22342.4 ; 88.8975
41 ; -0.0384564 ; -0.379551 ; 0.381494 ; -1.67177 ; 22900.7 ; 22901 ; 88.8975
42 ; -0.271024 ; -0.332766 ; 0.42917 ; -2.25429 ; 23459.3 ; 23459.5 ; 88.8975
43 ; -0.422921 ; -0.18172 ; 0.460309 ; -2.73577 ; 24018 ; 24018.1 ; 88.8975
44 ; -0.469615 ; 0.015827 ; 0.469881 ; 3.1079 ; 24576.6 ; 24576.6 ; 88.8975
45 ; -0.405921 ; 0.209562 ; 0.456824 ; 2.66502 ; 25135.3 ; 25135.2 ; 88.8975
46 ; -0.239153 ; 0.348465 ; 0.422637 ; 2.17227 ; 25693.9 ; 25693.7 ; 88.8975
47 ; 0.0013034 ; 0.373341 ; 0.373343 ; 1.56731 ; 26252.5 ; 26252.3 ; 88.8975
48 ; 0.233116 ; 0.227632 ; 0.325821 ; 0.773496 ; 26811 ; 26810.9 ; 88.8975
49 ; 0.305091 ; -0.0606791 ; 0.311067 ; -0.196327 ; 27369.4 ; 27369.4 ; 88.8975
50 ; 0.151378 ; -0.307318 ; 0.342578 ; -1.1131 ; 27927.8 ; 27928 ; 88.8975
51 ; -0.0988516 ; -0.381269 ; 0.393875 ; -1.82448 ; 28486.3 ; 28486.5 ; 88.8975
52 ; -0.316154 ; -0.303744 ; 0.438422 ; -2.37621 ; 29044.9 ; 29045.1 ; 88.8975
53 ; -0.444091 ; -0.136681 ; 0.464649 ; -2.84302 ; 29603.6 ; 29603.7 ; 88.8975
54 ; -0.464358 ; 0.0644075 ; 0.468804 ; 3.00377 ; 30162.3 ; 30162.2 ; 88.8975
55 ; -0.374776 ; 0.249877 ; 0.450439 ; 2.55354 ; 30720.9 ; 30720.8 ; 88.8975
56 ; -0.186384 ; 0.367227 ; 0.411819 ; 2.04046 ; 31279.5 ; 31279.3 ; 88.8975
57 ; 0.0624193 ; 0.355374 ; 0.360814 ; 1.39693 ; 31838.1 ; 31837.9 ; 88.8975
58 ; 0.270872 ; 0.166746 ; 0.318082 ; 0.551805 ; 32396.6 ; 32396.5 ; 88.8975
59 ; 0.286156 ; -0.131558 ; 0.314948 ; -0.430926 ; 32955 ; 32955 ; 88.8975
60 ; 0.0940201 ; -0.341635 ; 0.354336 ; -1.30224 ; 33513.4 ; 33513.6 ; 88.8975
61 ; -0.156989 ; -0.374196 ; 0.405793 ; -1.96803 ; 34071.9 ; 34072.1 ; 88.8975
62 ; -0.356005 ; -0.269637 ; 0.446591 ; -2.49337 ; 34630.6 ; 34630.7 ; 88.8975
63 ; -0.459024 ; -0.0897194 ; 0.46771 ; -2.94857 ; 35189.2 ; 35189.3 ; 88.8975
64 ; -0.452751 ; 0.112106 ; 0.466424 ; 2.89886 ; 35747.9 ; 35747.8 ; 88.8975
65 ; -0.337856 ; 0.286335 ; 0.442871 ; 2.43855 ; 36306.5 ; 36306.4 ; 88.8975
66 ; -0.12987 ; 0.378577 ; 0.400234 ; 1.90126 ; 36865.1 ; 36864.9 ; 88.8975
67 ; 0.121634 ; 0.326772 ; 0.348675 ; 1.21446 ; 37423.7 ; 37423.5 ; 88.8975
68 ; 0.296808 ; 0.0986231 ; 0.312765 ; 0.320801 ; 37982.1 ; 37982.1 ; 88.8975
69 ; 0.25437 ; -0.196559 ; 0.321464 ; -0.657889 ; 38540.5 ; 38540.6 ; 88.8975
70 ; 0.0336565 ; -0.365163 ; 0.366711 ; -1.47889 ; 39099 ; 39099.2 ; 88.8975
71 ; -0.211833 ; -0.359229 ; 0.417036 ; -2.1036 ; 39657.5 ; 39657.7 ; 88.8975
72 ; -0.390228 ; -0.23126 ; 0.453607 ; -2.60661 ; 40216.2 ; 40216.3 ; 88.8975
73 ; -0.467636 ; -0.0415206 ; 0.469476 ; -3.05304 ; 40774.8 ; 40774.9 ; 88.8975
74 ; -0.434858 ; 0.158246 ; 0.462756 ; 2.79259 ; 41333.5 ; 41333.4 ; 88.8975
75 ; -0.295461 ; 0.318143 ; 0.43418 ; 2.31925 ; 41892.2 ; 41892 ; 88.8975
76 ; -0.0705211 ; 0.381606 ; 0.388067 ; 1.75354 ; 42450.7 ; 42450.5 ; 88.8975
77 ; 0.17678 ; 0.287345 ; 0.33737 ; 1.01926 ; 43009.3 ; 43009.1 ; 88.8975
78 ; 0.309144 ; 0.0260028 ; 0.310236 ; 0.0839146 ; 43567.7 ; 43567.7 ; 88.8975
79 ; 0.211822 ; -0.253288 ; 0.330187 ; -0.874318 ; 44126.1 ; 44126.2 ; 88.8975
80 ; -0.0276976 ; -0.378276 ; 0.379288 ; -1.64389 ; 44684.6 ; 44684.8 ; 88.8975
81 ; -0.262576 ; -0.33728 ; 0.427438 ; -2.2323 ; 45243.2 ; 45243.3 ; 88.8975
82 ; -0.418563 ; -0.189387 ; 0.459416 ; -2.71669 ; 45801.8 ; 45801.9 ; 88.8975
83 ; -0.46988 ; 0.0072444 ; 0.469936 ; 3.12618 ; 46360.5 ; 46360.5 ; 88.8975
84 ; -0.410783 ; 0.202132 ; 0.457821 ; 2.68431 ; 46919.1 ; 46919 ; 88.8975
85 ; -0.247988 ; 0.344468 ; 0.424448 ; 2.19476 ; 47477.8 ; 47477.6 ; 88.8975
86 ; -0.00949563 ; 0.375437 ; 0.375557 ; 1.59608 ; 48036.3 ; 48036.1 ; 88.8975
87 ; 0.225426 ; 0.237428 ; 0.327398 ; 0.811323 ; 48594.8 ; 48594.7 ; 88.8975
88 ; 0.306976 ; -0.0478316 ; 0.31068 ; -0.154573 ; 49153.2 ; 49153.3 ; 88.8975
89 ; 0.160982 ; -0.300165 ; 0.340609 ; -1.07852 ; 49711.7 ; 49711.8 ; 88.8975
90 ; -0.088363 ; -0.381628 ; 0.391725 ; -1.79833 ; 50270.2 ; 50270.4 ; 88.8975
91 ; -0.30859 ; -0.309239 ; 0.436871 ; -2.35515 ; 50828.8 ; 50828.9 ; 88.8975
92 ; -0.440818 ; -0.144759 ; 0.463978 ; -2.8243 ; 51387.4 ; 51387.5 ; 88.8975
93 ; -0.465744 ; 0.0559109 ; 0.469088 ; 3.02212 ; 51946.1 ; 51946.1 ; 88.8975
94 ; -0.380678 ; 0.243046 ; 0.451649 ; 2.57337 ; 52504.7 ; 52504.6 ; 88.8975
95 ; -0.195956 ; 0.36444 ; 0.413781 ; 2.06414 ; 53063.4 ; 53063.2 ; 88.8975
96 ; 0.0517549 ; 0.359292 ; 0.363 ; 1.42773 ; 53621.9 ; 53621.7 ; 88.8975
97 ; 0.265029 ; 0.178042 ; 0.319279 ; 0.591538 ; 54180.4 ; 54180.3 ; 88.8975
98 ; 0.290466 ; -0.119442 ; 0.314065 ; -0.390132 ; 54738.8 ; 54738.9 ; 88.8975
99 ; 0.104385 ; -0.336388 ; 0.352211 ; -1.26991 ; 55297.2 ; 55297.4 ; 88.8975
100 ; -0.14698 ; -0.376037 ; 0.403741 ; -1.9434 ; 55855.8 ; 55856 ; 88.8975
101 ; -0.349397 ; -0.275966 ; 0.445237 ; -2.47308 ; 56414.4 ; 56414.5 ; 88.8975
102 ; -0.456855 ; -0.0980851 ; 0.467265 ; -2.93011 ; 56973 ; 56973.1 ; 88.8975
103 ; -0.45525 ; 0.103813 ; 0.466936 ; 2.91739 ; 57531.7 ; 57531.7 ; 88.8975
104 ; -0.344754 ; 0.280239 ; 0.444285 ; 2.45906 ; 58090.4 ; 58090.2 ; 88.8975
105 ; -0.140041 ; 0.377159 ; 0.402319 ; 1.92632 ; 58649 ; 58648.8 ; 88.8975
106 ; 0.111452 ; 0.332585 ; 0.350763 ; 1.24745 ; 59207.5 ; 59207.3 ; 88.8975
107 ; 0.293193 ; 0.111013 ; 0.313506 ; 0.361954 ; 59766 ; 59765.9 ; 88.8975
108 ; 0.260805 ; -0.185672 ; 0.320145 ; -0.618681 ; 60324.4 ; 60324.5 ; 88.8975
109 ; 0.0443944 ; -0.361796 ; 0.364509 ; -1.4487 ; 60882.8 ; 60883 ; 88.8975
110 ; -0.202467 ; -0.362393 ; 0.415116 ; -2.08029 ; 61441.4 ; 61441.6 ; 88.8975
111 ; -0.384631 ; -0.238283 ; 0.45246 ; -2.58695 ; 62000 ; 62000.1 ; 88.8975
112 ; -0.466582 ; -0.050055 ; 0.46926 ; -3.03472 ; 62558.7 ; 62558.7 ; 88.8975
113 ; -0.438456 ; 0.150276 ; 0.463494 ; 2.8114 ; 63117.3 ; 63117.3 ; 88.8975
114 ; -0.303296 ; 0.312923 ; 0.435786 ; 2.34057 ; 63676 ; 63675.8 ; 88.8975
115 ; -0.0811138 ; 0.381715 ; 0.390239 ; 1.78018 ; 64234.6 ; 64234.4 ; 88.8975
116 ; 0.167484 ; 0.295055 ; 0.339276 ; 1.05451 ; 64793.1 ; 64792.9 ; 88.8975
117 ; 0.308014 ; 0.0389567 ; 0.310467 ; 0.125809 ; 65351.5 ; 65351.5 ; 88.8975
118 ; 0.219976 ; -0.243994 ; 0.328515 ; -0.837118 ; 65909.9 ; 65910.1 ; 88.8975
119 ; -0.0169167 ; -0.376699 ; 0.377078 ; -1.61567 ; 66468.4 ; 66468.6 ; 88.8975
120 ; -0.253981 ; -0.341605 ; 0.425676 ; -2.21012 ; 67027 ; 67027.2 ; 88.8975
121 ; -0.414017 ; -0.19697 ; 0.458484 ; -2.69753 ; 67585.6 ; 67585.7 ; 88.8975
122 ; -0.469948 ; -0.00134127 ; 0.46995 ; -3.13874 ; 68144.3 ; 68144.3 ; 88.8975
123 ; -0.415458 ; 0.19461 ; 0.458779 ; 2.70352 ; 68703 ; 68702.9 ; 88.8975
124 ; -0.256682 ; 0.340274 ; 0.42623 ; 2.21707 ; 69261.6 ; 69261.4 ; 88.8975
125 ; -0.0202869 ; 0.377224 ; 0.377769 ; 1.62452 ; 69820.2 ; 69820 ; 88.8975
126 ; 0.217457 ; 0.24693 ; 0.329032 ; 0.848781 ; 70378.7 ; 70378.5 ; 88.8975
127 ; 0.308415 ; -0.0349147 ; 0.310385 ; -0.112727 ; 70937.1 ; 70937.1 ; 88.8975
128 ; 0.170409 ; -0.292682 ; 0.338676 ; -1.04354 ; 71495.5 ; 71495.6 ; 88.8975
129 ; -0.0778104 ; -0.381711 ; 0.389561 ; -1.77189 ; 72054 ; 72054.2 ; 88.8975
130 ; -0.300865 ; -0.314572 ; 0.435288 ; -2.33393 ; 72612.6 ; 72612.8 ; 88.8975
131 ; -0.437352 ; -0.152773 ; 0.463267 ; -2.80553 ; 73171.2 ; 73171.3 ; 88.8975
132 ; -0.466933 ; 0.0473907 ; 0.469331 ; 3.04045 ; 73729.9 ; 73729.9 ; 88.8975
133 ; -0.386399 ; 0.236101 ; 0.452822 ; 2.5931 ; 74288.6 ; 74288.4 ; 88.8975
134 ; -0.205407 ; 0.361428 ; 0.415719 ; 2.0876 ; 74847.2 ; 74847 ; 88.8975
135 ; 0.0410434 ; 0.362883 ; 0.365196 ; 1.45817 ; 75405.8 ; 75405.6 ; 88.8975
136 ; 0.258831 ; 0.1891 ; 0.32055 ; 0.630965 ; 75964.2 ; 75964.1 ; 88.8975
137 ; 0.294367 ; -0.107158 ; 0.313265 ; -0.349118 ; 76522.6 ; 76522.7 ; 88.8975
138 ; 0.114646 ; -0.330805 ; 0.350108 ; -1.23718 ; 77081.1 ; 77081.2 ; 88.8975
139 ; -0.136873 ; -0.377629 ; 0.401669 ; -1.91852 ; 77639.6 ; 77639.8 ; 88.8975
140 ; -0.342617 ; -0.282159 ; 0.443847 ; -2.45266 ; 78198.2 ; 78198.4 ; 88.8975
141 ; -0.45449 ; -0.106409 ; 0.466781 ; -2.91161 ; 78756.9 ; 78756.9 ; 88.8975
142 ; -0.457554 ; 0.0954757 ; 0.467409 ; 2.93588 ; 79315.5 ; 79315.5 ; 88.8975
143 ; -0.35148 ; 0.274003 ; 0.445664 ; 2.47943 ; 79874.2 ; 79874 ; 88.8975
144 ; -0.150117 ; 0.375488 ; 0.404384 ; 1.95112 ; 80432.8 ; 80432.6 ; 88.8975
145 ; 0.101157 ; 0.338063 ; 0.352873 ; 1.28005 ; 80991.3 ; 80991.2 ; 88.8975
146 ; 0.289162 ; 0.123246 ; 0.314332 ; 0.402902 ; 81549.8 ; 81549.7 ; 88.8975
147 ; 0.266893 ; -0.174538 ; 0.318897 ; -0.579157 ; 82108.2 ; 82108.3 ; 88.8975
148 ; 0.0550924 ; -0.358103 ; 0.362316 ; -1.41815 ; 82666.7 ; 82666.8 ; 88.8975
149 ; -0.192978 ; -0.365335 ; 0.413171 ; -2.05677 ; 83225.2 ; 83225.4 ; 88.8975
150 ; -0.378853 ; -0.245193 ; 0.451275 ; -2.56719 ; 83783.8 ; 83784 ; 88.8975
151 ; -0.465332 ; -0.0585682 ; 0.469003 ; -3.01639 ; 84342.5 ; 84342.5 ; 88.8975
152 ; -0.441861 ; 0.142242 ; 0.464192 ; 2.83015 ; 84901.2 ; 84901.1 ; 88.8975
153 ; -0.310971 ; 0.307539 ; 0.437359 ; 2.36174 ; 85459.8 ; 85459.6 ; 88.8975
154 ; -0.0916471 ; 0.381545 ; 0.392398 ; 1.80653 ; 86018.4 ; 86018.2 ; 88.8975
155 ; 0.158 ; 0.302435 ; 0.34122 ; 1.08937 ; 86576.9 ; 86576.8 ; 88.8975
156 ; 0.306435 ; 0.0518539 ; 0.310791 ; 0.167629 ; 87135.4 ; 87135.3 ; 88.8975
157 ; 0.22786 ; -0.234399 ; 0.326899 ; -0.799544 ; 87693.8 ; 87693.9 ; 88.8975
158 ; -0.00612211 ; -0.374815 ; 0.374865 ; -1.58713 ; 88252.2 ; 88252.4 ; 88.8975
159 ; -0.245243 ; -0.345738 ; 0.423885 ; -2.18776 ; 88810.8 ; 88811 ; 88.8975
160 ; -0.409284 ; -0.204463 ; 0.457513 ; -2.67829 ; 89369.5 ; 89369.6 ; 88.8975
161 ; -0.469818 ; -0.00992637 ; 0.469923 ; -3.12047 ; 89928.1 ; 89928.1 ; 88.8975
162 ; -0.419945 ; 0.187001 ; 0.459699 ; 2.72266 ; 90486.8 ; 90486.7 ; 88.8975
163 ; -0.265231 ; 0.335889 ; 0.427983 ; 2.23919 ; 91045.4 ; 91045.2 ; 88.8975
164 ; -0.0310617 ; 0.378706 ; 0.379978 ; 1.65263 ; 91604 ; 91603.8 ; 88.8975
165 ; 0.209221 ; 0.25613 ; 0.33072 ; 0.885862 ; 92162.5 ; 92162.4 ; 88.8975
166 ; 0.309405 ; -0.0219469 ; 0.310182 ; -0.070814 ; 92720.9 ; 92720.9 ; 88.8975
167 ; 0.179644 ; -0.28487 ; 0.336783 ; -1.00817 ; 93279.3 ; 93279.5 ; 88.8975
168 ; -0.0672005 ; -0.381513 ; 0.387386 ; -1.74515 ; 93837.8 ; 93838 ; 88.8975
169 ; -0.292981 ; -0.319739 ; 0.433671 ; -2.31255 ; 94396.4 ; 94396.6 ; 88.8975
170 ; -0.433695 ; -0.160721 ; 0.462518 ; -2.7867 ; 94955.1 ; 94955.2 ; 88.8975
171 ; -0.467925 ; 0.0388504 ; 0.469535 ; 3.05876 ; 95513.7 ; 95513.7 ; 88.8975
172 ; -0.391939 ; 0.229044 ; 0.453958 ; 2.61273 ; 96072.4 ; 96072.3 ; 88.8975
173 ; -0.214734 ; 0.358197 ; 0.417631 ; 2.11084 ; 96631 ; 96630.8 ; 88.8975
174 ; 0.0302951 ; 0.366149 ; 0.3674 ; 1.48824 ; 97189.6 ; 97189.4 ; 88.8975
175 ; 0.25229 ; 0.199908 ; 0.321891 ; 0.670072 ; 97748.1 ; 97748 ; 88.8975
176 ; 0.297852 ; -0.0947224 ; 0.312551 ; -0.307905 ; 98306.5 ; 98306.5 ; 88.8975
177 ; 0.12479 ; -0.324886 ; 0.348028 ; -1.20407 ; 98864.9 ; 98865.1 ; 88.8975
178 ; -0.126674 ; -0.378968 ; 0.399578 ; -1.89338 ; 99423.4 ; 99423.6 ; 88.8975
179 ; -0.335666 ; -0.28821 ; 0.442422 ; -2.43211 ; 99982 ; 99982.2 ; 88.8975
180 ; -0.451931 ; -0.114687 ; 0.466256 ; -2.89307 ; 100541 ; 100541 ; 88.8975
181 ; -0.459662 ; 0.0870977 ; 0.467841 ; 2.95433 ; 101099 ; 101099 ; 88.8975
182 ; -0.358033 ; 0.267633 ; 0.447007 ; 2.49969 ; 101658 ; 101658 ; 88.8975
183 ; -0.160095 ; 0.37357 ; 0.40643 ; 1.97567 ; 102217 ; 102216 ; 88.8975
184 ; 0.0907624 ; 0.343205 ; 0.355004 ; 1.31226 ; 102775 ; 102775 ; 88.8975
185 ; 0.284727 ; 0.135306 ; 0.315241 ; 0.443624 ; 103334 ; 103334 ; 88.8975
186 ; 0.272623 ; -0.16317 ; 0.317723 ; -0.539331 ; 103892 ; 103892 ; 88.8975
187 ; 0.0657398 ; -0.354083 ; 0.360134 ; -1.38722 ; 104450 ; 104451 ; 88.8975
188 ; -0.183369 ; -0.368051 ; 0.411201 ; -2.03302 ; 105009 ; 105009 ; 88.8975
189 ; -0.372895 ; -0.251987 ; 0.450054 ; -2.54732 ; 105568 ; 105568 ; 88.8975
190 ; -0.463885 ; -0.0670567 ; 0.468707 ; -2.99803 ; 106126 ; 106126 ; 88.8975
191 ; -0.445074 ; 0.134145 ; 0.46485 ; 2.84885 ; 106685 ; 106685 ; 88.8975
192 ; -0.318484 ; 0.301995 ; 0.438899 ; 2.38276 ; 107244 ; 107243 ; 88.8975
193 ; -0.102114 ; 0.3811 ; 0.394544 ; 1.83259 ; 107802 ; 107802 ; 88.8975
194 ; 0.148343 ; 0.309484 ; 0.3432 ; 1.12383 ; 108361 ; 108361 ; 88.8975
195 ; 0.304411 ; 0.0646759 ; 0.311206 ; 0.209349 ; 108919 ; 108919 ; 88.8975
196 ; 0.235459 ; -0.224512 ; 0.325341 ; -0.761603 ; 109478 ; 109478 ; 88.8975
197 ; 0.00467754 ; -0.372622 ; 0.372651 ; -1.55824 ; 110036 ; 110036 ; 88.8975
198 ; -0.236364 ; -0.349672 ; 0.422065 ; -2.1652 ; 110595 ; 110595 ; 88.8975
199 ; -0.404364 ; -0.211864 ; 0.456505 ; -2.65898 ; 111153 ; 111153 ; 88.8975
200 ; -0.469491 ; -0.0185073 ; 0.469856 ; -3.10219 ; 111712 ; 111712 ; 88.8975
201 ; -0.424244 ; 0.179307 ; 0.46058 ; 2.74171 ; 112271 ; 112271 ; 88.8975
202 ; -0.273633 ; 0.331318 ; 0.429705 ; 2.26113 ; 112829 ; 112829 ; 88.8975
203 ; -0.041812 ; 0.379888 ; 0.382182 ; 1.68042 ; 113388 ; 113388 ; 88.8975
204 ; 0.200733 ; 0.265021 ; 0.33246 ; 0.922561 ; 113946 ; 113946 ; 88.8975
205 ; 0.309943 ; -0.00894703 ; 0.310072 ; -0.0288587 ; 114505 ; 114505 ; 88.8975
206 ; 0.188675 ; -0.276733 ; 0.334932 ; -0.972394 ; 115063 ; 115063 ; 88.8975
207 ; -0.0565402 ; -0.381029 ; 0.385201 ; -1.71811 ; 115622 ; 115622 ; 88.8975
208 ; -0.284941 ; -0.324735 ; 0.432023 ; -2.29102 ; 116180 ; 116180 ; 88.8975
209 ; -0.429847 ; -0.168598 ; 0.461729 ; -2.7678 ; 116739 ; 116739 ; 88.8975
210 ; -0.46872 ; 0.0302939 ; 0.469698 ; 3.07705 ; 117298 ; 117298 ; 88.8975
211 ; -0.397297 ; 0.221881 ; 0.455056 ; 2.63227 ; 117856 ; 117856 ; 88.8975
212 ; -0.223932 ; 0.354751 ; 0.419516 ; 2.13387 ; 118415 ; 118415 ; 88.8975
213 ; 0.0195202 ; 0.369093 ; 0.369609 ; 1.51796 ; 118973 ; 118973 ; 88.8975
214 ; 0.245421 ; 0.210454 ; 0.323299 ; 0.708847 ; 119532 ; 119532 ; 88.8975
215 ; 0.300911 ; -0.0821516 ; 0.311924 ; -0.266515 ; 120090 ; 120090 ; 88.8975
216 ; 0.134805 ; -0.318632 ; 0.345975 ; -1.17056 ; 120649 ; 120649 ; 88.8975
217 ; -0.116389 ; -0.380047 ; 0.39747 ; -1.86798 ; 121207 ; 121207 ; 88.8975
218 ; -0.328547 ; -0.294117 ; 0.440962 ; -2.41143 ; 121766 ; 121766 ; 88.8975
219 ; -0.449177 ; -0.122916 ; 0.465692 ; -2.87448 ; 122325 ; 122325 ; 88.8975
220 ; -0.461575 ; 0.0786825 ; 0.468233 ; 2.97275 ; 122883 ; 122883 ; 88.8975
221 ; -0.364412 ; 0.261132 ; 0.448315 ; 2.51982 ; 123442 ; 123442 ; 88.8975
222 ; -0.16997 ; 0.37141 ; 0.408454 ; 1.99998 ; 124000 ; 124000 ; 88.8975
223 ; 0.080279 ; 0.348014 ; 0.357153 ; 1.34408 ; 124559 ; 124559 ; 88.8975
224 ; 0.279895 ; 0.147178 ; 0.316232 ; 0.484101 ; 125117 ; 125117 ; 88.8975
225 ; 0.277982 ; -0.151581 ; 0.316624 ; -0.499219 ; 125676 ; 125676 ; 88.8975
226 ; 0.0763259 ; -0.349732 ; 0.357963 ; -1.35592 ; 126234 ; 126235 ; 88.8975
227 ; -0.173646 ; -0.370537 ; 0.409208 ; -2.00904 ; 126793 ; 126793 ; 88.8975
228 ; -0.36676 ; -0.25866 ; 0.448796 ; -2.52735 ; 127351 ; 127352 ; 88.8975
229 ; -0.462242 ; -0.0755169 ; 0.46837 ; -2.97965 ; 127910 ; 127910 ; 88.8975
230 ; -0.448094 ; 0.12599 ; 0.46547 ; 2.8675 ; 128469 ; 128469 ; 88.8975
231 ; -0.325833 ; 0.296295 ; 0.440406 ; 2.40364 ; 129027 ; 129027 ; 88.8975
232 ; -0.112509 ; 0.380385 ; 0.396675 ; 1.85837 ; 129586 ; 129586 ; 88.8975
233 ; 0.138526 ; 0.316199 ; 0.345212 ; 1.15788 ; 130145 ; 130144 ; 88.8975
234 ; 0.301948 ; 0.0774044 ; 0.311711 ; 0.250947 ; 130703 ; 130703 ; 88.8975
235 ; 0.242761 ; -0.214341 ; 0.323844 ; -0.723304 ; 131261 ; 131262 ; 88.8975
236 ; 0.0154732 ; -0.370115 ; 0.370438 ; -1.52901 ; 131820 ; 131820 ; 88.8975
237 ; -0.227349 ; -0.353404 ; 0.420217 ; -2.14245 ; 132378 ; 132379 ; 88.8975
238 ; -0.39926 ; -0.219167 ; 0.455458 ; -2.63957 ; 132937 ; 132937 ; 88.8975
239 ; -0.468967 ; -0.0270805 ; 0.469749 ; -3.08391 ; 133496 ; 133496 ; 88.8975
240 ; -0.428354 ; 0.171534 ; 0.461423 ; 2.7607 ; 134054 ; 134054 ; 88.8975
241 ; -0.281885 ; 0.326564 ; 0.431397 ; 2.28289 ; 134613 ; 134613 ; 88.8975
242 ; -0.0525296 ; 0.380773 ; 0.384379 ; 1.70789 ; 135172 ; 135171 ; 88.8975
243 ; 0.192007 ; 0.273598 ; 0.334249 ; 0.958873 ; 135730 ; 135730 ; 88.8975
244 ; 0.310028 ; 0.00406589 ; 0.310055 ; 0.0131138 ; 136289 ; 136289 ; 88.8975
245 ; 0.197487 ; -0.268275 ; 0.333126 ; -0.936229 ; 136847 ; 136847 ; 88.8975
246 ; -0.0458368 ; -0.380254 ; 0.383007 ; -1.69076 ; 137405 ; 137406 ; 88.8975
247 ; -0.276746 ; -0.329556 ; 0.430343 ; -2.26931 ; 137964 ; 137964 ; 88.8975
248 ; -0.425808 ; -0.176401 ; 0.460901 ; -2.74884 ; 138523 ; 138523 ; 88.8975
249 ; -0.469318 ; 0.0217245 ; 0.46982 ; 3.09534 ; 139081 ; 139081 ; 88.8975
250 ; -0.402471 ; 0.214615 ; 0.456117 ; 2.65171 ; 139640 ; 139640 ; 88.8975
251 ; -0.232998 ; 0.351096 ; 0.421375 ; 2.15669 ; 140199 ; 140198 ; 88.8975
252 ; 0.00872838 ; 0.371718 ; 0.371821 ; 1.54732 ; 140757 ; 140757 ; 88.8975
253 ; 0.238234 ; 0.22073 ; 0.324772 ; 0.747277 ; 141316 ; 141316 ; 88.8975
254 ; 0.303538 ; -0.0694628 ; 0.311385 ; -0.22497 ; 141874 ; 141874 ; 88.8975
255 ; 0.144679 ; -0.312042 ; 0.343951 ; -1.13665 ; 142433 ; 142433 ; 88.8975
256 ; -0.106023 ; -0.380863 ; 0.395345 ; -1.8423 ; 142991 ; 142991 ; 88.8975
257 ; -0.32126 ; -0.299874 ; 0.439469 ; -2.39061 ; 143550 ; 143550 ; 88.8975
258 ; -0.44623 ; -0.131092 ; 0.465087 ; -2.85585 ; 144108 ; 144108 ; 88.8975
259 ; -0.463292 ; 0.070234 ; 0.468585 ; 2.99114 ; 144667 ; 144667 ; 88.8975
260 ; -0.370614 ; 0.254505 ; 0.449586 ; 2.53984 ; 145226 ; 145226 ; 88.8975
261 ; -0.179735 ; 0.369011 ; 0.410456 ; 2.02405 ; 145784 ; 145784 ; 88.8975
262 ; 0.0697188 ; 0.352489 ; 0.359318 ; 1.37553 ; 146343 ; 146343 ; 88.8975
263 ; 0.274677 ; 0.158848 ; 0.317301 ; 0.524316 ; 146901 ; 146901 ; 88.8975
264 ; 0.28296 ; -0.139783 ; 0.315603 ; -0.458838 ; 147460 ; 147460 ; 88.8975
265 ; 0.0868394 ; -0.345048 ; 0.355808 ; -1.32424 ; 148018 ; 148018 ; 88.8975
266 ; -0.163812 ; -0.372788 ; 0.407192 ; -1.98482 ; 148577 ; 148577 ; 88.8975
267 ; -0.360447 ; -0.265209 ; 0.447502 ; -2.50726 ; 149135 ; 149135 ; 88.8975
268 ; -0.460403 ; -0.083945 ; 0.467993 ; -2.96124 ; 149694 ; 149694 ; 88.8975
269 ; -0.450921 ; 0.11778 ; 0.466049 ; 2.8861 ; 150253 ; 150253 ; 88.8975
270 ; -0.333015 ; 0.290443 ; 0.441878 ; 2.42437 ; 150811 ; 150811 ; 88.8975
271 ; -0.122825 ; 0.379403 ; 0.398789 ; 1.88388 ; 151370 ; 151370 ; 88.8975
272 ; 0.128563 ; 0.322579 ; 0.347255 ; 1.19154 ; 151928 ; 151928 ; 88.8975
273 ; 0.299049 ; 0.0900216 ; 0.312305 ; 0.292397 ; 152487 ; 152487 ; 88.8975
274 ; 0.249751 ; -0.203895 ; 0.322411 ; -0.684658 ; 153045 ; 153045 ; 88.8975
275 ; 0.0262556 ; -0.367291 ; 0.368228 ; -1.49943 ; 153604 ; 153604 ; 88.8975
276 ; -0.218199 ; -0.356929 ; 0.418341 ; -2.1195 ; 154162 ; 154162 ; 88.8975
277 ; -0.393971 ; -0.226369 ; 0.454374 ; -2.62007 ; 154721 ; 154721 ; 88.8975
278 ; -0.468246 ; -0.0356423 ; 0.469601 ; -3.06562 ; 155280 ; 155280 ; 88.8975
279 ; -0.432274 ; 0.163685 ; 0.462226 ; 2.77962 ; 155838 ; 155838 ; 88.8975
280 ; -0.289983 ; 0.321633 ; 0.433057 ; 2.30449 ; 156397 ; 156397 ; 88.8975
281 ; -0.0632069 ; 0.381365 ; 0.386568 ; 1.73504 ; 156955 ; 156955 ; 88.8975
282 ; 0.183057 ; 0.281855 ; 0.336084 ; 0.994793 ; 157514 ; 157514 ; 88.8975
283 ; 0.30966 ; 0.0170729 ; 0.31013 ; 0.0550785 ; 158072 ; 158072 ; 88.8975
284 ; 0.206065 ; -0.259502 ; 0.331367 ; -0.899675 ; 158631 ; 158631 ; 88.8975
285 ; -0.0350979 ; -0.379184 ; 0.380805 ; -1.66309 ; 159189 ; 159190 ; 88.8975
286 ; -0.2684 ; -0.334196 ; 0.428632 ; -2.24744 ; 159748 ; 159748 ; 88.8975
287 ; -0.42158 ; -0.184124 ; 0.460034 ; -2.72981 ; 160307 ; 160307 ; 88.8975
288 ; -0.469719 ; 0.0131461 ; 0.469903 ; 3.11361 ; 160865 ; 160865 ; 88.8975
289 ; -0.40746 ; 0.207251 ; 0.45714 ; 2.67106 ; 161424 ; 161424 ; 88.8975
290 ; -0.241928 ; 0.347237 ; 0.423206 ; 2.17932 ; 161983 ; 161982 ; 88.8975
291 ; -0.00207085 ; 0.374029 ; 0.374035 ; 1.57633 ; 162541 ; 162541 ; 88.8975
292 ; 0.230745 ; 0.230724 ; 0.326308 ; 0.785353 ; 163100 ; 163099 ; 88.8975
293 ; 0.305728 ; -0.0566737 ; 0.310936 ; -0.183293 ; 163658 ; 163658 ; 88.8975
294 ; 0.154397 ; -0.305119 ; 0.341959 ; -1.10234 ; 164216 ; 164217 ; 88.8975
295 ; -0.0955819 ; -0.38141 ; 0.393205 ; -1.81634 ; 164775 ; 164775 ; 88.8975
296 ; -0.313808 ; -0.305478 ; 0.437941 ; -2.36965 ; 165334 ; 165334 ; 88.8975
297 ; -0.443089 ; -0.139211 ; 0.464444 ; -2.83718 ; 165892 ; 165892 ; 88.8975
298 ; -0.464812 ; 0.0617557 ; 0.468897 ; 3.0095 ; 166451 ; 166451 ; 88.8975
299 ; -0.376639 ; 0.247755 ; 0.450821 ; 2.55975 ; 167010 ; 167009 ; 88.8975
300 ; -0.189387 ; 0.366381 ; 0.412435 ; 2.04788 ; 167568 ; 167568 ; 88.8975
301 ; 0.0590931 ; 0.356634 ; 0.361496 ; 1.40659 ; 168127 ; 168126 ; 88.8975
302 ; 0.269085 ; 0.1703 ; 0.318448 ; 0.564251 ; 168685 ; 168685 ; 88.8975
303 ; 0.287545 ; -0.127792 ; 0.314663 ; -0.418206 ; 169244 ; 169244 ; 88.8975
304 ; 0.0972689 ; -0.340031 ; 0.35367 ; -1.29218 ; 169802 ; 169802 ; 88.8975
305 ; -0.153872 ; -0.374797 ; 0.405154 ; -1.96036 ; 170361 ; 170361 ; 88.8975
306 ; -0.353959 ; -0.271629 ; 0.446172 ; -2.48705 ; 170919 ; 170919 ; 88.8975
307 ; -0.458367 ; -0.0923374 ; 0.467576 ; -2.9428 ; 171478 ; 171478 ; 88.8975
308 ; -0.453553 ; 0.10952 ; 0.466589 ; 2.90466 ; 172036 ; 172036 ; 88.8975
309 ; -0.34003 ; 0.284446 ; 0.443316 ; 2.44497 ; 172595 ; 172595 ; 88.8975
310 ; -0.133057 ; 0.378162 ; 0.400887 ; 1.90912 ; 173154 ; 173154 ; 88.8975
311 ; 0.118466 ; 0.328624 ; 0.349325 ; 1.22481 ; 173712 ; 173712 ; 88.8975
312 ; 0.295724 ; 0.10251 ; 0.312987 ; 0.333679 ; 174271 ; 174271 ; 88.8975
313 ; 0.256417 ; -0.193185 ; 0.321045 ; -0.645674 ; 174829 ; 174829 ; 88.8975
314 ; 0.0370151 ; -0.364146 ; 0.366022 ; -1.4695 ; 175388 ; 175388 ; 88.8975
315 ; -0.208921 ; -0.360241 ; 0.416439 ; -2.09634 ; 175946 ; 175946 ; 88.8975
316 ; -0.388499 ; -0.233466 ; 0.453253 ; -2.60048 ; 176505 ; 176505 ; 88.8975
317 ; -0.467328 ; -0.044189 ; 0.469412 ; -3.04732 ; 177063 ; 177063 ; 88.8975
318 ; -0.436003 ; 0.155763 ; 0.462991 ; 2.79847 ; 177622 ; 177622 ; 88.8975
319 ; -0.297926 ; 0.31653 ; 0.434685 ; 2.32593 ; 178181 ; 178181 ; 88.8975
320 ; -0.0738365 ; 0.38167 ; 0.388747 ; 1.76189 ; 178739 ; 178739 ; 88.8975
321 ; 0.173897 ; 0.289789 ; 0.337961 ; 1.03032 ; 179298 ; 179298 ; 88.8975
322 ; 0.308839 ; 0.0300549 ; 0.310298 ; 0.0970103 ; 179856 ; 179856 ; 88.8975
323 ; 0.214397 ; -0.250417 ; 0.329659 ; -0.862736 ; 180415 ; 180415 ; 88.8975
324 ; -0.0243313 ; -0.377816 ; 0.378598 ; -1.63511 ; 180973 ; 180973 ; 88.8975
325 ; -0.259906 ; -0.338651 ; 0.426891 ; -2.22539 ; 181532 ; 181532 ; 88.8975
326 ; -0.417163 ; -0.191766 ; 0.459129 ; -2.71071 ; 182090 ; 182090 ; 88.8975
327 ; -0.469922 ; 0.00456213 ; 0.469944 ; 3.13188 ; 182649 ; 182649 ; 88.8975
328 ; -0.412263 ; 0.199792 ; 0.458124 ; 2.69032 ; 183208 ; 183208 ; 88.8975
329 ; -0.250719 ; 0.343178 ; 0.425008 ; 2.20175 ; 183766 ; 183766 ; 88.8975
330 ; -0.0128684 ; 0.376028 ; 0.376248 ; 1.605 ; 184325 ; 184325 ; 88.8975
331 ; 0.222966 ; 0.240429 ; 0.327902 ; 0.823066 ; 184883 ; 184883 ; 88.8975
332 ; 0.307474 ; -0.0438026 ; 0.310578 ; -0.141507 ; 185442 ; 185442 ; 88.8975
333 ; 0.163947 ; -0.297862 ; 0.340001 ; -1.06764 ; 186000 ; 186000 ; 88.8975
334 ; -0.0850726 ; -0.381684 ; 0.39105 ; -1.7901 ; 186559 ; 186559 ; 88.8975
335 ; -0.306194 ; -0.310922 ; 0.43638 ; -2.34853 ; 187117 ; 187118 ; 88.8975
336 ; -0.439756 ; -0.14727 ; 0.46376 ; -2.81844 ; 187676 ; 187676 ; 88.8975
337 ; -0.466136 ; 0.0532513 ; 0.469168 ; 3.02785 ; 188235 ; 188235 ; 88.8975
338 ; -0.382485 ; 0.240888 ; 0.45202 ; 2.57955 ; 188793 ; 188793 ; 88.8975
339 ; -0.198922 ; 0.363522 ; 0.414389 ; 2.07149 ; 189352 ; 189352 ; 88.8975
340 ; 0.0484129 ; 0.360449 ; 0.363686 ; 1.43728 ; 189911 ; 189910 ; 88.8975
341 ; 0.26313 ; 0.181523 ; 0.319669 ; 0.60389 ; 190469 ; 190469 ; 88.8975
342 ; 0.291729 ; -0.115621 ; 0.313806 ; -0.37734 ; 191027 ; 191027 ; 88.8975
343 ; 0.107602 ; -0.334679 ; 0.351552 ; -1.25973 ; 191586 ; 191586 ; 88.8975
344 ; -0.143832 ; -0.376562 ; 0.403096 ; -1.93566 ; 192144 ; 192145 ; 88.8975
345 ; -0.347297 ; -0.277916 ; 0.444806 ; -2.46672 ; 192703 ; 192703 ; 88.8975
346 ; -0.456137 ; -0.10069 ; 0.467118 ; -2.92433 ; 193262 ; 193262 ; 88.8975
347 ; -0.455991 ; 0.101213 ; 0.467088 ; 2.92317 ; 193820 ; 193820 ; 88.8975
348 ; -0.346874 ; 0.278305 ; 0.444719 ; 2.46544 ; 194379 ; 194379 ; 88.8975
349 ; -0.143199 ; 0.376664 ; 0.402966 ; 1.9341 ; 194938 ; 194937 ; 88.8975
350 ; 0.108247 ; 0.334333 ; 0.35142 ; 1.25768 ; 195496 ; 195496 ; 88.8975
351 ; 0.291978 ; 0.114853 ; 0.313755 ; 0.37477 ; 196055 ; 196054 ; 88.8975
352 ; 0.262745 ; -0.182219 ; 0.319748 ; -0.606365 ; 196613 ; 196613 ; 88.8975
353 ; 0.0477416 ; -0.360677 ; 0.363823 ; -1.43919 ; 197171 ; 197172 ; 88.8975
354 ; -0.199516 ; -0.363336 ; 0.414511 ; -2.07297 ; 197730 ; 197730 ; 88.8975
355 ; -0.382845 ; -0.240454 ; 0.452094 ; -2.58079 ; 198289 ; 198289 ; 88.8975
356 ; -0.466213 ; -0.0527172 ; 0.469184 ; -3.029 ; 198847 ; 198847 ; 88.8975
357 ; -0.43954 ; 0.147773 ; 0.463716 ; 2.81727 ; 199406 ; 199406 ; 88.8975
358 ; -0.305711 ; 0.311258 ; 0.436281 ; 2.3472 ; 199965 ; 199964 ; 88.8975
359 ; -0.0844115 ; 0.381692 ; 0.390915 ; 1.78844 ; 200523 ; 200523 ; 88.8975
360 ; 0.16454 ; 0.297396 ; 0.33988 ; 1.06545 ; 201082 ; 201082 ; 88.8975
361 ; 0.307568 ; 0.0429931 ; 0.310559 ; 0.138884 ; 201640 ; 201640 ; 88.8975
362 ; 0.222469 ; -0.241028 ; 0.328004 ; -0.825418 ; 202199 ; 202199 ; 88.8975
363 ; -0.0135452 ; -0.376143 ; 0.376387 ; -1.60679 ; 202757 ; 202757 ; 88.8975
364 ; -0.251266 ; -0.342917 ; 0.42512 ; -2.20315 ; 203316 ; 203316 ; 88.8975
365 ; -0.412558 ; -0.199321 ; 0.458185 ; -2.69153 ; 203874 ; 203874 ; 88.8975
366 ; -0.469928 ; -0.00402375 ; 0.469946 ; -3.13303 ; 204433 ; 204433 ; 88.8975
367 ; -0.41688 ; 0.192242 ; 0.459071 ; 2.70951 ; 204992 ; 204991 ; 88.8975
368 ; -0.259368 ; 0.338925 ; 0.426781 ; 2.224 ; 205550 ; 205550 ; 88.8975
369 ; -0.0236554 ; 0.37772 ; 0.37846 ; 1.63334 ; 206109 ; 206109 ; 88.8975
370 ; 0.214911 ; 0.249837 ; 0.329553 ; 0.860407 ; 206667 ; 206667 ; 88.8975
371 ; 0.308773 ; -0.0308677 ; 0.310312 ; -0.0996381 ; 207226 ; 207226 ; 88.8975
372 ; 0.173316 ; -0.290276 ; 0.338081 ; -1.03253 ; 207784 ; 207784 ; 88.8975
373 ; -0.0745014 ; -0.38168 ; 0.388883 ; -1.76357 ; 208343 ; 208343 ; 88.8975
374 ; -0.298419 ; -0.316204 ; 0.434786 ; -2.32727 ; 208901 ; 208901 ; 88.8975
375 ; -0.43623 ; -0.155264 ; 0.463037 ; -2.79965 ; 209460 ; 209460 ; 88.8975
376 ; -0.467264 ; 0.0447244 ; 0.469399 ; 3.04617 ; 210018 ; 210018 ; 88.8975
377 ; -0.38815 ; 0.233908 ; 0.453181 ; 2.59925 ; 210577 ; 210577 ; 88.8975
378 ; -0.208334 ; 0.360442 ; 0.416319 ; 2.09488 ; 211136 ; 211136 ; 88.8975
379 ; 0.0376888 ; 0.363938 ; 0.365884 ; 1.46761 ; 211694 ; 211694 ; 88.8975
380 ; 0.256824 ; 0.192504 ; 0.320961 ; 0.643218 ; 212253 ; 212253 ; 88.8975
381 ; 0.295501 ; -0.103288 ; 0.313033 ; -0.336262 ; 212811 ; 212811 ; 88.8975
382 ; 0.117828 ; -0.328992 ; 0.349455 ; -1.22688 ; 213370 ; 213370 ; 88.8975
383 ; -0.133696 ; -0.378075 ; 0.401018 ; -1.91069 ; 213928 ; 213928 ; 88.8975
384 ; -0.340464 ; -0.284065 ; 0.443405 ; -2.44626 ; 214487 ; 214487 ; 88.8975
385 ; -0.453712 ; -0.109 ; 0.466621 ; -2.90582 ; 215045 ; 215046 ; 88.8975
386 ; -0.458233 ; 0.0928624 ; 0.467548 ; 2.94165 ; 215604 ; 215604 ; 88.8975
387 ; -0.353546 ; 0.272027 ; 0.446087 ; 2.48578 ; 216163 ; 216163 ; 88.8975
388 ; -0.153246 ; 0.374915 ; 0.405026 ; 1.95882 ; 216721 ; 216721 ; 88.8975
389 ; 0.0979198 ; 0.339706 ; 0.353537 ; 1.29015 ; 217280 ; 217280 ; 88.8975
390 ; 0.28782 ; 0.127033 ; 0.314607 ; 0.41565 ; 217838 ; 217838 ; 88.8975
391 ; 0.268722 ; -0.171011 ; 0.318522 ; -0.566745 ; 218397 ; 218397 ; 88.8975
392 ; 0.0584249 ; -0.356882 ; 0.361633 ; -1.40853 ; 218955 ; 218955 ; 88.8975
393 ; -0.189989 ; -0.366208 ; 0.412558 ; -2.04937 ; 219514 ; 219514 ; 88.8975
394 ; -0.377011 ; -0.247328 ; 0.450898 ; -2.56099 ; 220072 ; 220073 ; 88.8975
395 ; -0.464901 ; -0.0612231 ; 0.468915 ; -3.01066 ; 220631 ; 220631 ; 88.8975
396 ; -0.442886 ; 0.139718 ; 0.464402 ; 2.836 ; 221190 ; 221190 ; 88.8975
397 ; -0.313336 ; 0.305824 ; 0.437844 ; 2.36833 ; 221748 ; 221748 ; 88.8975
398 ; -0.0949248 ; 0.381436 ; 0.39307 ; 1.8147 ; 222307 ; 222307 ; 88.8975
399 ; 0.155001 ; 0.304673 ; 0.341835 ; 1.10018 ; 222866 ; 222865 ; 88.8975
400 ; 0.30585 ; 0.0558688 ; 0.310911 ; 0.180675 ; 223424 ; 223424 ; 88.8975
401 ; 0.230265 ; -0.231341 ; 0.326406 ; -0.787729 ; 223982 ; 223982 ; 88.8975
402 ; -0.00274809 ; -0.374164 ; 0.374174 ; -1.57814 ; 224541 ; 224541 ; 88.8975
403 ; -0.242484 ; -0.346988 ; 0.423319 ; -2.18073 ; 225099 ; 225100 ; 88.8975
404 ; -0.407767 ; -0.206786 ; 0.457202 ; -2.67227 ; 225658 ; 225658 ; 88.8975
405 ; -0.469737 ; -0.0126079 ; 0.469906 ; -3.11476 ; 226217 ; 226217 ; 88.8975
406 ; -0.421308 ; 0.184606 ; 0.459978 ; 2.72862 ; 226775 ; 226775 ; 88.8975
407 ; -0.267872 ; 0.334481 ; 0.428524 ; 2.24606 ; 227334 ; 227334 ; 88.8975
408 ; -0.0344235 ; 0.379107 ; 0.380667 ; 1.66135 ; 227893 ; 227892 ; 88.8975
409 ; 0.206595 ; 0.258941 ; 0.331258 ; 0.897369 ; 228451 ; 228451 ; 88.8975
410 ; 0.309622 ; -0.0178879 ; 0.310138 ; -0.0577092 ; 229009 ; 229010 ; 88.8975
411 ; 0.182488 ; -0.282362 ; 0.3362 ; -0.997032 ; 229568 ; 229568 ; 88.8975
412 ; -0.0638749 ; -0.381393 ; 0.386705 ; -1.73673 ; 230126 ; 230127 ; 88.8975
413 ; -0.290486 ; -0.321318 ; 0.43316 ; -2.30584 ; 230685 ; 230685 ; 88.8975
414 ; -0.432513 ; -0.16319 ; 0.462275 ; -2.7808 ; 231244 ; 231244 ; 88.8975
415 ; -0.468194 ; 0.0361787 ; 0.46959 ; 3.06447 ; 231802 ; 231802 ; 88.8975
416 ; -0.393633 ; 0.226817 ; 0.454305 ; 2.61885 ; 232361 ; 232361 ; 88.8975
417 ; -0.217621 ; 0.357143 ; 0.418223 ; 2.11805 ; 232920 ; 232919 ; 88.8975
418 ; 0.0269311 ; 0.367103 ; 0.368089 ; 1.49757 ; 233478 ; 233478 ; 88.8975
419 ; 0.250179 ; 0.203231 ; 0.322324 ; 0.682223 ; 234037 ; 234037 ; 88.8975
420 ; 0.298853 ; -0.0908086 ; 0.312345 ; -0.294991 ; 234595 ; 234595 ; 88.8975
421 ; 0.127934 ; -0.322968 ; 0.347384 ; -1.19364 ; 235153 ; 235154 ; 88.8975
422 ; -0.12347 ; -0.379333 ; 0.398922 ; -1.88547 ; 235712 ; 235712 ; 88.8975
423 ; -0.33346 ; -0.290072 ; 0.44197 ; -2.42567 ; 236271 ; 236271 ; 88.8975
424 ; -0.451091 ; -0.117264 ; 0.466084 ; -2.88727 ; 236829 ; 236829 ; 88.8975
425 ; -0.460281 ; 0.0844723 ; 0.467968 ; 2.96009 ; 237388 ; 237388 ; 88.8975
426 ; -0.360045 ; 0.265616 ; 0.44742 ; 2.50599 ; 237947 ; 237946 ; 88.8975
427 ; -0.163192 ; 0.372921 ; 0.407065 ; 1.98329 ; 238505 ; 238505 ; 88.8975
428 ; 0.087496 ; 0.344744 ; 0.355674 ; 1.32224 ; 239064 ; 239064 ; 88.8975
429 ; 0.283259 ; 0.139037 ; 0.315542 ; 0.456298 ; 239622 ; 239622 ; 88.8975
430 ; 0.274337 ; -0.159572 ; 0.317371 ; -0.526829 ; 240181 ; 240181 ; 88.8975
431 ; 0.0690543 ; -0.352759 ; 0.359454 ; -1.37749 ; 240739 ; 240739 ; 88.8975
432 ; -0.180344 ; -0.368853 ; 0.410581 ; -2.02555 ; 241298 ; 241298 ; 88.8975
433 ; -0.370998 ; -0.254085 ; 0.449665 ; -2.54109 ; 241856 ; 241856 ; 88.8975
434 ; -0.463393 ; -0.0697032 ; 0.468606 ; -2.99229 ; 242415 ; 242415 ; 88.8975
435 ; -0.446039 ; 0.131603 ; 0.465048 ; 2.85468 ; 242974 ; 242973 ; 88.8975
436 ; -0.320798 ; 0.30023 ; 0.439374 ; 2.3893 ; 243532 ; 243532 ; 88.8975
437 ; -0.10537 ; 0.380905 ; 0.395211 ; 1.84068 ; 244091 ; 244091 ; 88.8975
438 ; 0.145293 ; 0.311618 ; 0.343825 ; 1.13451 ; 244649 ; 244649 ; 88.8975
439 ; 0.303688 ; 0.0686636 ; 0.311354 ; 0.22236 ; 245208 ; 245208 ; 88.8975
440 ; 0.237773 ; -0.221365 ; 0.324867 ; -0.749675 ; 245766 ; 245766 ; 88.8975
441 ; 0.0080513 ; -0.371873 ; 0.37196 ; -1.54915 ; 246325 ; 246325 ; 88.8975
442 ; -0.233562 ; -0.35086 ; 0.42149 ; -2.15812 ; 246883 ; 246883 ; 88.8975
443 ; -0.402789 ; -0.214156 ; 0.456182 ; -2.65292 ; 247442 ; 247442 ; 88.8975
444 ; -0.469349 ; -0.0211868 ; 0.469827 ; -3.09648 ; 248001 ; 248001 ; 88.8975
445 ; -0.425548 ; 0.176887 ; 0.460848 ; 2.74765 ; 248559 ; 248559 ; 88.8975
446 ; -0.276227 ; 0.329852 ; 0.430237 ; 2.26795 ; 249118 ; 249118 ; 88.8975
447 ; -0.0451643 ; 0.380196 ; 0.382869 ; 1.68903 ; 249676 ; 249676 ; 88.8975
448 ; 0.198032 ; 0.267734 ; 0.333014 ; 0.933948 ; 250235 ; 250235 ; 88.8975
449 ; 0.310018 ; -0.00488191 ; 0.310057 ; -0.0157459 ; 250793 ; 250793 ; 88.8975
450 ; 0.191452 ; -0.274125 ; 0.334363 ; -0.961137 ; 251352 ; 251352 ; 88.8975
451 ; -0.0532004 ; -0.380818 ; 0.384516 ; -1.7096 ; 251910 ; 251910 ; 88.8975
452 ; -0.282397 ; -0.32626 ; 0.431502 ; -2.28425 ; 252469 ; 252469 ; 88.8975
453 ; -0.428605 ; -0.171044 ; 0.461474 ; -2.76189 ; 253027 ; 253028 ; 88.8975
454 ; -0.468928 ; 0.0276177 ; 0.46974 ; 3.08277 ; 253586 ; 253586 ; 88.8975
455 ; -0.398933 ; 0.219622 ; 0.455392 ; 2.63835 ; 254145 ; 254145 ; 88.8975
456 ; -0.226779 ; 0.353632 ; 0.4201 ; 2.14102 ; 254703 ; 254703 ; 88.8975
457 ; 0.0161499 ; 0.369947 ; 0.3703 ; 1.52717 ; 255262 ; 255262 ; 88.8975
458 ; 0.243209 ; 0.213694 ; 0.323752 ; 0.720891 ; 255820 ; 255820 ; 88.8975
459 ; 0.301779 ; -0.078199 ; 0.311746 ; -0.25355 ; 256379 ; 256379 ; 88.8975
460 ; 0.137906 ; -0.316609 ; 0.34534 ; -1.16001 ; 256937 ; 256937 ; 88.8975
461 ; -0.113158 ; -0.380331 ; 0.396808 ; -1.85998 ; 257496 ; 257496 ; 88.8975
462 ; -0.326288 ; -0.295932 ; 0.440499 ; -2.40494 ; 258054 ; 258055 ; 88.8975
463 ; -0.448277 ; -0.125476 ; 0.465507 ; -2.86867 ; 258613 ; 258613 ; 88.8975
464 ; -0.462132 ; 0.0760464 ; 0.468347 ; 2.9785 ; 259172 ; 259172 ; 88.8975
465 ; -0.366369 ; 0.259075 ; 0.448716 ; 2.52609 ; 259730 ; 259730 ; 88.8975
466 ; -0.173032 ; 0.370686 ; 0.409082 ; 2.00753 ; 260289 ; 260289 ; 88.8975
467 ; 0.0769874 ; 0.349448 ; 0.357828 ; 1.35395 ; 260848 ; 260847 ; 88.8975
468 ; 0.278306 ; 0.150847 ; 0.316558 ; 0.496695 ; 261406 ; 261406 ; 88.8975
469 ; 0.279579 ; -0.147916 ; 0.316297 ; -0.486631 ; 261964 ; 261965 ; 88.8975
470 ; 0.0796189 ; -0.348304 ; 0.357288 ; -1.34607 ; 262523 ; 262523 ; 88.8975
471 ; -0.170585 ; -0.371266 ; 0.40858 ; -2.0015 ; 263081 ; 263082 ; 88.8975
472 ; -0.364806 ; -0.26072 ; 0.448396 ; -2.52108 ; 263640 ; 263640 ; 88.8975
473 ; -0.461688 ; -0.0781537 ; 0.468256 ; -2.9739 ; 264199 ; 264199 ; 88.8975
474 ; -0.448998 ; 0.12343 ; 0.465655 ; 2.87332 ; 264757 ; 264757 ; 88.8975
475 ; -0.328095 ; 0.294483 ; 0.44087 ; 2.41013 ; 265316 ; 265316 ; 88.8975
476 ; -0.115741 ; 0.380106 ; 0.397337 ; 1.86637 ; 265875 ; 265874 ; 88.8975
477 ; 0.135429 ; 0.318229 ; 0.345847 ; 1.16844 ; 266433 ; 266433 ; 88.8975
478 ; 0.301088 ; 0.0813592 ; 0.311887 ; 0.263914 ; 266992 ; 266992 ; 88.8975
479 ; 0.244979 ; -0.211107 ; 0.32339 ; -0.711267 ; 267550 ; 267550 ; 88.8975
480 ; 0.0188438 ; -0.369267 ; 0.369747 ; -1.51981 ; 268108 ; 268109 ; 88.8975
481 ; -0.224504 ; -0.354528 ; 0.419634 ; -2.1353 ; 268667 ; 268667 ; 88.8975
482 ; -0.397627 ; -0.221428 ; 0.455124 ; -2.63349 ; 269226 ; 269226 ; 88.8975
483 ; -0.468763 ; -0.0297568 ; 0.469707 ; -3.0782 ; 269784 ; 269784 ; 88.8975
484 ; -0.429599 ; 0.16909 ; 0.461678 ; 2.76662 ; 270343 ; 270343 ; 88.8975
485 ; -0.284431 ; 0.325042 ; 0.431919 ; 2.28966 ; 270902 ; 270901 ; 88.8975
486 ; -0.0558702 ; 0.380989 ; 0.385064 ; 1.7164 ; 271460 ; 271460 ; 88.8975
487 ; 0.189234 ; 0.276212 ; 0.334817 ; 0.970138 ; 272019 ; 272019 ; 88.8975
488 ; 0.309962 ; 0.0081312 ; 0.310068 ; 0.0262269 ; 272577 ; 272577 ; 88.8975
489 ; 0.200193 ; -0.265568 ; 0.332571 ; -0.92485 ; 273136 ; 273136 ; 88.8975
490 ; -0.0424851 ; -0.379952 ; 0.38232 ; -1.68215 ; 273694 ; 273694 ; 88.8975
491 ; -0.274155 ; -0.331025 ; 0.429812 ; -2.2625 ; 274253 ; 274253 ; 88.8975
492 ; -0.424507 ; -0.178822 ; 0.460634 ; -2.74291 ; 274811 ; 274811 ; 88.8975
493 ; -0.469464 ; 0.0190452 ; 0.46985 ; 3.10105 ; 275370 ; 275370 ; 88.8975
494 ; -0.40405 ; 0.212324 ; 0.45644 ; 2.65776 ; 275929 ; 275929 ; 88.8975
495 ; -0.235803 ; 0.349912 ; 0.42195 ; 2.16378 ; 276487 ; 276487 ; 88.8975
496 ; 0.00535473 ; 0.372474 ; 0.372513 ; 1.55642 ; 277046 ; 277046 ; 88.8975
497 ; 0.235926 ; 0.223883 ; 0.325245 ; 0.759212 ; 277604 ; 277604 ; 88.8975
498 ; 0.30427 ; -0.065477 ; 0.311235 ; -0.211962 ; 278163 ; 278163 ; 88.8975
499 ; 0.147732 ; -0.309915 ; 0.343325 ; -1.12597 ; 278721 ; 278721 ; 88.8975
500 ; -0.102768 ; -0.381063 ; 0.394678 ; -1.83422 ; 279280 ; 279280 ; 88.8975
501 ; -0.31895 ; -0.301642 ; 0.438995 ; -2.38408 ; 279838 ; 279838 ; 88.8975
502 ; -0.445269 ; -0.133635 ; 0.46489 ; -2.85002 ; 280397 ; 280397 ; 88.8975
503 ; -0.463788 ; 0.0675881 ; 0.468687 ; 2.99688 ; 280956 ; 280956 ; 88.8975
504 ; -0.372516 ; 0.252409 ; 0.449976 ; 2.54607 ; 281514 ; 281514 ; 88.8975
505 ; -0.182763 ; 0.368214 ; 0.411077 ; 2.03152 ; 282073 ; 282073 ; 88.8975
506 ; 0.0664055 ; 0.353819 ; 0.359997 ; 1.38527 ; 282631 ; 282631 ; 88.8975
507 ; 0.27297 ; 0.16245 ; 0.317651 ; 0.536824 ; 283190 ; 283190 ; 88.8975
508 ; 0.284435 ; -0.136057 ; 0.315301 ; -0.44617 ; 283748 ; 283748 ; 88.8975
509 ; 0.0901074 ; -0.343517 ; 0.355138 ; -1.31427 ; 284307 ; 284307 ; 88.8975
510 ; -0.160718 ; -0.373442 ; 0.406557 ; -1.97721 ; 284865 ; 284865 ; 88.8975
511 ; -0.358439 ; -0.267229 ; 0.44709 ; -2.50095 ; 285424 ; 285424 ; 88.8975
512 ; -0.459788 ; -0.086571 ; 0.467867 ; -2.95549 ; 285983 ; 285983 ; 88.8975
513 ; -0.451764 ; 0.115205 ; 0.466222 ; 2.8919 ; 286541 ; 286541 ; 88.8975
514 ; -0.335225 ; 0.288585 ; 0.442331 ; 2.43082 ; 287100 ; 287100 ; 88.8975
515 ; -0.126032 ; 0.379043 ; 0.399447 ; 1.8918 ; 287658 ; 287658 ; 88.8975
516 ; 0.125422 ; 0.324504 ; 0.347899 ; 1.20198 ; 288217 ; 288217 ; 88.8975
517 ; 0.298056 ; 0.0939379 ; 0.312509 ; 0.305314 ; 288775 ; 288775 ; 88.8975
518 ; 0.251869 ; -0.200577 ; 0.321977 ; -0.672514 ; 289334 ; 289334 ; 88.8975
519 ; 0.0296201 ; -0.366343 ; 0.367538 ; -1.49012 ; 289892 ; 289893 ; 88.8975
520 ; -0.215314 ; -0.357987 ; 0.41775 ; -2.11229 ; 290451 ; 290451 ; 88.8975
521 ; -0.392281 ; -0.228598 ; 0.454028 ; -2.61396 ; 291010 ; 291010 ; 88.8975
522 ; -0.46798 ; -0.0383143 ; 0.469546 ; -3.0599 ; 291568 ; 291568 ; 88.8975
523 ; -0.433459 ; 0.161217 ; 0.462469 ; 2.78551 ; 292127 ; 292127 ; 88.8975
524 ; -0.292482 ; 0.320057 ; 0.433569 ; 2.31121 ; 292685 ; 292685 ; 88.8975
525 ; -0.0665334 ; 0.381491 ; 0.38725 ; 1.74346 ; 293244 ; 293244 ; 88.8975
526 ; 0.180217 ; 0.284369 ; 0.336666 ; 1.00593 ; 293803 ; 293802 ; 88.8975
527 ; 0.309452 ; 0.0211324 ; 0.310173 ; 0.068184 ; 294361 ; 294361 ; 88.8975
528 ; 0.208696 ; -0.256696 ; 0.330828 ; -0.888175 ; 294919 ; 294920 ; 88.8975
529 ; -0.0317367 ; -0.378789 ; 0.380116 ; -1.65439 ; 295478 ; 295478 ; 88.8975
530 ; -0.265762 ; -0.335608 ; 0.428092 ; -2.24057 ; 296036 ; 296037 ; 88.8975
531 ; -0.42022 ; -0.186521 ; 0.459755 ; -2.72385 ; 296595 ; 296595 ; 88.8975
532 ; -0.469803 ; 0.0104646 ; 0.46992 ; 3.11932 ; 297154 ; 297154 ; 88.8975
533 ; -0.408981 ; 0.20493 ; 0.457451 ; 2.67709 ; 297712 ; 297712 ; 88.8975
534 ; -0.24469 ; 0.34599 ; 0.423772 ; 2.18635 ; 298271 ; 298271 ; 88.8975
535 ; -0.00544494 ; 0.374687 ; 0.374726 ; 1.58533 ; 298830 ; 298829 ; 88.8975
536 ; 0.228345 ; 0.233788 ; 0.3268 ; 0.797175 ; 299388 ; 299388 ; 88.8975
537 ; 0.306321 ; -0.0526604 ; 0.310814 ; -0.170248 ; 299947 ; 299947 ; 88.8975
538 ; 0.1574 ; -0.302887 ; 0.341343 ; -1.09154 ; 300505 ; 300505 ; 88.8975
539 ; -0.0923055 ; -0.381526 ; 0.392533 ; -1.80817 ; 301064 ; 301064 ; 88.8975
540 ; -0.311447 ; -0.307196 ; 0.437457 ; -2.36307 ; 301622 ; 301622 ; 88.8975
541 ; -0.442068 ; -0.141736 ; 0.464234 ; -2.83133 ; 302181 ; 302181 ; 88.8975
542 ; -0.465247 ; 0.0591013 ; 0.468986 ; 3.01524 ; 302739 ; 302739 ; 88.8975
543 ; -0.378485 ; 0.245622 ; 0.4512 ; 2.56595 ; 303298 ; 303298 ; 88.8975
544 ; -0.192379 ; 0.365512 ; 0.413048 ; 2.05528 ; 303857 ; 303857 ; 88.8975
545 ; 0.0557616 ; 0.357861 ; 0.362179 ; 1.41622 ; 304415 ; 304415 ; 88.8975
546 ; 0.267263 ; 0.173832 ; 0.318821 ; 0.576668 ; 304974 ; 304974 ; 88.8975
547 ; 0.288896 ; -0.124008 ; 0.314387 ; -0.405462 ; 305532 ; 305532 ; 88.8975
548 ; 0.100508 ; -0.338395 ; 0.353006 ; -1.28208 ; 306091 ; 306091 ; 88.8975
549 ; -0.150746 ; -0.375375 ; 0.404513 ; -1.95267 ; 306649 ; 306649 ; 88.8975
550 ; -0.351896 ; -0.273608 ; 0.445749 ; -2.48071 ; 307208 ; 307208 ; 88.8975
551 ; -0.457692 ; -0.0949515 ; 0.467437 ; -2.93704 ; 307766 ; 307766 ; 88.8975
552 ; -0.454335 ; 0.106929 ; 0.466749 ; 2.91045 ; 308325 ; 308325 ; 88.8975
553 ; -0.342186 ; 0.282542 ; 0.443758 ; 2.45138 ; 308884 ; 308884 ; 88.8975
554 ; -0.136236 ; 0.377721 ; 0.401539 ; 1.91695 ; 309442 ; 309442 ; 88.8975
555 ; 0.115285 ; 0.330444 ; 0.349977 ; 1.23512 ; 310001 ; 310001 ; 88.8975
556 ; 0.294598 ; 0.106383 ; 0.313218 ; 0.346539 ; 310559 ; 310559 ; 88.8975
557 ; 0.258431 ; -0.189785 ; 0.320632 ; -0.633427 ; 311118 ; 311118 ; 88.8975
558 ; 0.0403704 ; -0.363097 ; 0.365334 ; -1.46007 ; 311676 ; 311676 ; 88.8975
559 ; -0.205996 ; -0.361232 ; 0.415839 ; -2.08906 ; 312235 ; 312235 ; 88.8975
560 ; -0.386752 ; -0.235661 ; 0.452894 ; -2.59434 ; 312793 ; 312793 ; 88.8975
561 ; -0.467001 ; -0.0468557 ; 0.469345 ; -3.04159 ; 313352 ; 313352 ; 88.8975
562 ; -0.437129 ; 0.153274 ; 0.463222 ; 2.80435 ; 313911 ; 313911 ; 88.8975
563 ; -0.300376 ; 0.314901 ; 0.435187 ; 2.33259 ; 314469 ; 314469 ; 88.8975
564 ; -0.0771467 ; 0.381707 ; 0.389425 ; 1.77022 ; 315028 ; 315028 ; 88.8975
565 ; 0.170994 ; 0.292201 ; 0.338557 ; 1.04134 ; 315586 ; 315586 ; 88.8975
566 ; 0.30849 ; 0.0341028 ; 0.31037 ; 0.1101 ; 316145 ; 316145 ; 88.8975
567 ; 0.216948 ; -0.247516 ; 0.329136 ; -0.851117 ; 316703 ; 316703 ; 88.8975
568 ; -0.0209631 ; -0.377326 ; 0.377908 ; -1.6263 ; 317262 ; 317262 ; 88.8975
569 ; -0.257222 ; -0.340005 ; 0.426341 ; -2.21846 ; 317820 ; 317821 ; 88.8975
570 ; -0.415745 ; -0.194136 ; 0.458838 ; -2.70473 ; 318379 ; 318379 ; 88.8975
571 ; -0.469945 ; 0.00187968 ; 0.469949 ; 3.13759 ; 318938 ; 318938 ; 88.8975
572 ; -0.413726 ; 0.197442 ; 0.458424 ; 2.69633 ; 319496 ; 319496 ; 88.8975
573 ; -0.253437 ; 0.34187 ; 0.425565 ; 2.20872 ; 320055 ; 320055 ; 88.8975
574 ; -0.0162401 ; 0.376589 ; 0.376939 ; 1.61389 ; 320614 ; 320613 ; 88.8975
575 ; 0.220478 ; 0.243401 ; 0.328412 ; 0.834772 ; 321172 ; 321172 ; 88.8975
576 ; 0.307928 ; -0.0397673 ; 0.310485 ; -0.128434 ; 321730 ; 321730 ; 88.8975
577 ; 0.166894 ; -0.295528 ; 0.339397 ; -1.05671 ; 322289 ; 322289 ; 88.8975
578 ; -0.0817762 ; -0.381713 ; 0.390374 ; -1.78184 ; 322847 ; 322848 ; 88.8975
579 ; -0.303782 ; -0.31259 ; 0.435886 ; -2.3419 ; 323406 ; 323406 ; 88.8975
580 ; -0.438675 ; -0.149774 ; 0.463539 ; -2.81258 ; 323965 ; 323965 ; 88.8975
581 ; -0.46651 ; 0.0505895 ; 0.469245 ; 3.03357 ; 324523 ; 324523 ; 88.8975
582 ; -0.384274 ; 0.238719 ; 0.452386 ; 2.58571 ; 325082 ; 325082 ; 88.8975
583 ; -0.201876 ; 0.362584 ; 0.414995 ; 2.07882 ; 325641 ; 325640 ; 88.8975
584 ; 0.0450666 ; 0.361574 ; 0.364372 ; 1.4468 ; 326199 ; 326199 ; 88.8975
585 ; 0.261197 ; 0.184981 ; 0.320065 ; 0.616211 ; 326758 ; 326757 ; 88.8975
586 ; 0.292952 ; -0.111785 ; 0.313555 ; -0.364528 ; 327316 ; 327316 ; 88.8975
587 ; 0.110809 ; -0.332939 ; 0.350894 ; -1.24951 ; 327874 ; 327875 ; 88.8975
588 ; -0.140675 ; -0.377062 ; 0.402449 ; -1.92789 ; 328433 ; 328433 ; 88.8975
589 ; -0.345181 ; -0.279852 ; 0.444372 ; -2.46034 ; 328992 ; 328992 ; 88.8975
590 ; -0.4554 ; -0.103292 ; 0.466967 ; -2.91855 ; 329550 ; 329550 ; 88.8975
591 ; -0.456712 ; 0.0986084 ; 0.467236 ; 2.92895 ; 330109 ; 330109 ; 88.8975
592 ; -0.348977 ; 0.276358 ; 0.445151 ; 2.4718 ; 330668 ; 330667 ; 88.8975
593 ; -0.146349 ; 0.376144 ; 0.403612 ; 1.94185 ; 331226 ; 331226 ; 88.8975
594 ; 0.105032 ; 0.336047 ; 0.352079 ; 1.26787 ; 331785 ; 331784 ; 88.8975
595 ; 0.290722 ; 0.118677 ; 0.314012 ; 0.387566 ; 332343 ; 332343 ; 88.8975
596 ; 0.26465 ; -0.178743 ; 0.319357 ; -0.59402 ; 332902 ; 332902 ; 88.8975
597 ; 0.0510845 ; -0.359527 ; 0.363138 ; -1.42965 ; 333460 ; 333460 ; 88.8975
598 ; -0.196552 ; -0.364257 ; 0.413903 ; -2.06562 ; 334019 ; 334019 ; 88.8975
599 ; -0.381042 ; -0.242614 ; 0.451724 ; -2.57462 ; 334577 ; 334577 ; 88.8975
600 ; -0.465824 ; -0.0553773 ; 0.469104 ; -3.02327 ; 335136 ; 335136 ; 88.8975
601 ; -0.440606 ; 0.145263 ; 0.463935 ; 2.82313 ; 335694 ; 335694 ; 88.8975
602 ; -0.308111 ; 0.309578 ; 0.436773 ; 2.35382 ; 336253 ; 336253 ; 88.8975
603 ; -0.0877031 ; 0.381642 ; 0.391589 ; 1.79668 ; 336812 ; 336812 ; 88.8975
604 ; 0.161579 ; 0.299706 ; 0.340487 ; 1.07634 ; 337370 ; 337370 ; 88.8975
605 ; 0.307079 ; 0.0470235 ; 0.310659 ; 0.151951 ; 337929 ; 337929 ; 88.8975
606 ; 0.224935 ; -0.238033 ; 0.327499 ; -0.813683 ; 338487 ; 338487 ; 88.8975
607 ; -0.0101726 ; -0.375558 ; 0.375696 ; -1.59788 ; 339046 ; 339046 ; 88.8975
608 ; -0.248537 ; -0.34421 ; 0.42456 ; -2.19617 ; 339604 ; 339604 ; 88.8975
609 ; -0.411081 ; -0.201663 ; 0.457882 ; -2.68552 ; 340163 ; 340163 ; 88.8975
610 ; -0.46989 ; -0.00670606 ; 0.469938 ; -3.12732 ; 340721 ; 340721 ; 88.8975
611 ; -0.418284 ; 0.189865 ; 0.459358 ; 2.71549 ; 341280 ; 341280 ; 88.8975
612 ; -0.262041 ; 0.337556 ; 0.427329 ; 2.23091 ; 341839 ; 341839 ; 88.8975
613 ; -0.0270221 ; 0.378186 ; 0.37915 ; 1.64213 ; 342397 ; 342397 ; 88.8975
614 ; 0.212341 ; 0.252714 ; 0.33008 ; 0.871996 ; 342956 ; 342956 ; 88.8975
615 ; 0.309086 ; -0.0268164 ; 0.310248 ; -0.0865434 ; 343514 ; 343514 ; 88.8975
616 ; 0.176203 ; -0.287839 ; 0.337489 ; -1.02148 ; 344073 ; 344073 ; 88.8975
617 ; -0.0711869 ; -0.381621 ; 0.388204 ; -1.75522 ; 344631 ; 344631 ; 88.8975
618 ; -0.295957 ; -0.31782 ; 0.434282 ; -2.32059 ; 345190 ; 345190 ; 88.8975
619 ; -0.435089 ; -0.157748 ; 0.462804 ; -2.79377 ; 345748 ; 345748 ; 88.8975
620 ; -0.467576 ; 0.0420563 ; 0.469463 ; 3.05189 ; 346307 ; 346307 ; 88.8975
621 ; -0.389882 ; 0.231704 ; 0.453536 ; 2.60538 ; 346866 ; 346866 ; 88.8975
622 ; -0.21125 ; 0.359434 ; 0.416916 ; 2.10214 ; 347424 ; 347424 ; 88.8975
623 ; 0.0343309 ; 0.364961 ; 0.366572 ; 1.47701 ; 347983 ; 347983 ; 88.8975
624 ; 0.254783 ; 0.195884 ; 0.32138 ; 0.65544 ; 348541 ; 348541 ; 88.8975
625 ; 0.296594 ; -0.0994043 ; 0.312809 ; -0.323387 ; 349100 ; 349100 ; 88.8975
626 ; 0.120999 ; -0.327146 ; 0.348805 ; -1.21654 ; 349658 ; 349658 ; 88.8975
627 ; -0.13051 ; -0.378496 ; 0.400365 ; -1.90284 ; 350217 ; 350217 ; 88.8975
628 ; -0.338294 ; -0.285957 ; 0.44296 ; -2.43984 ; 350775 ; 350776 ; 88.8975
629 ; -0.452914 ; -0.111587 ; 0.466458 ; -2.90003 ; 351334 ; 351334 ; 88.8975
630 ; -0.458894 ; 0.0902452 ; 0.467684 ; 2.94741 ; 351893 ; 351893 ; 88.8975
631 ; -0.355595 ; 0.270038 ; 0.446507 ; 2.4921 ; 352451 ; 352451 ; 88.8975
632 ; -0.156364 ; 0.374318 ; 0.405665 ; 1.96649 ; 353010 ; 353010 ; 88.8975
633 ; 0.0946729 ; 0.341316 ; 0.354202 ; 1.30022 ; 353569 ; 353568 ; 88.8975
634 ; 0.286438 ; 0.130803 ; 0.314891 ; 0.428375 ; 354127 ; 354127 ; 88.8975
635 ; 0.270516 ; -0.167462 ; 0.318154 ; -0.554305 ; 354685 ; 354685 ; 88.8975
636 ; 0.0617521 ; -0.35563 ; 0.360951 ; -1.39887 ; 355244 ; 355244 ; 88.8975
637 ; -0.186988 ; -0.367059 ; 0.411943 ; -2.04195 ; 355802 ; 355803 ; 88.8975
638 ; -0.375151 ; -0.249452 ; 0.450516 ; -2.55479 ; 356361 ; 356361 ; 88.8975
639 ; -0.464451 ; -0.0638755 ; 0.468823 ; -3.00492 ; 356920 ; 356920 ; 88.8975
640 ; -0.443892 ; 0.137189 ; 0.464608 ; 2.84184 ; 357478 ; 357478 ; 88.8975
641 ; -0.315685 ; 0.304093 ; 0.438326 ; 2.3749 ; 358037 ; 358037 ; 88.8975
642 ; -0.0981959 ; 0.381299 ; 0.39374 ; 1.82285 ; 358596 ; 358595 ; 88.8975
643 ; 0.151985 ; 0.306879 ; 0.342453 ; 1.11095 ; 359154 ; 359154 ; 88.8975
644 ; 0.305222 ; 0.0598759 ; 0.31104 ; 0.193711 ; 359713 ; 359712 ; 88.8975
645 ; 0.232643 ; -0.228255 ; 0.325919 ; -0.775879 ; 360271 ; 360271 ; 88.8975
646 ; 0.000626146 ; -0.373481 ; 0.373482 ; -1.56912 ; 360829 ; 360830 ; 88.8975
647 ; -0.239711 ; -0.34822 ; 0.422751 ; -2.17369 ; 361388 ; 361388 ; 88.8975
648 ; -0.406232 ; -0.209099 ; 0.456888 ; -2.66623 ; 361947 ; 361947 ; 88.8975
649 ; -0.469637 ; -0.015289 ; 0.469886 ; -3.10905 ; 362505 ; 362505 ; 88.8975
650 ; -0.422653 ; 0.182203 ; 0.460254 ; 2.73457 ; 363064 ; 363064 ; 88.8975
651 ; -0.270499 ; 0.333054 ; 0.429062 ; 2.25292 ; 363623 ; 363622 ; 88.8975
652 ; -0.0377825 ; 0.379479 ; 0.381356 ; 1.67003 ; 364181 ; 364181 ; 88.8975
653 ; 0.203946 ; 0.261722 ; 0.331801 ; 0.908839 ; 364740 ; 364740 ; 88.8975
654 ; 0.309794 ; -0.0138263 ; 0.310102 ; -0.0446011 ; 365298 ; 365298 ; 88.8975
655 ; 0.185312 ; -0.279823 ; 0.335621 ; -0.98586 ; 365856 ; 365857 ; 88.8975
656 ; -0.0605447 ; -0.381244 ; 0.386022 ; -1.72829 ; 366415 ; 366415 ; 88.8975
657 ; -0.287975 ; -0.322881 ; 0.432645 ; -2.29911 ; 366974 ; 366974 ; 88.8975
658 ; -0.431313 ; -0.165652 ; 0.462029 ; -2.7749 ; 367532 ; 367532 ; 88.8975
659 ; -0.468445 ; 0.0335055 ; 0.469641 ; 3.07019 ; 368091 ; 368091 ; 88.8975
660 ; -0.395309 ; 0.22458 ; 0.454649 ; 2.62495 ; 368650 ; 368649 ; 88.8975
661 ; -0.220496 ; 0.356069 ; 0.418812 ; 2.12525 ; 369208 ; 369208 ; 88.8975
662 ; 0.0235648 ; 0.368026 ; 0.368779 ; 1.50685 ; 369767 ; 369767 ; 88.8975
663 ; 0.248036 ; 0.206529 ; 0.322763 ; 0.694341 ; 370325 ; 370325 ; 88.8975
664 ; 0.299814 ; -0.0868822 ; 0.312148 ; -0.282061 ; 370884 ; 370884 ; 88.8975
665 ; 0.131064 ; -0.321018 ; 0.346742 ; -1.18318 ; 371442 ; 371442 ; 88.8975
666 ; -0.120257 ; -0.379673 ; 0.398263 ; -1.87754 ; 372001 ; 372001 ; 88.8975
667 ; -0.331237 ; -0.291919 ; 0.441514 ; -2.41921 ; 372559 ; 372559 ; 88.8975
668 ; -0.450233 ; -0.119835 ; 0.465908 ; -2.88146 ; 373118 ; 373118 ; 88.8975
669 ; -0.46088 ; 0.0818435 ; 0.468091 ; 2.96584 ; 373677 ; 373676 ; 88.8975
670 ; -0.36204 ; 0.263586 ; 0.447828 ; 2.51228 ; 374235 ; 374235 ; 88.8975
671 ; -0.166278 ; 0.372248 ; 0.407697 ; 1.99089 ; 374794 ; 374794 ; 88.8975
672 ; 0.0842213 ; 0.346249 ; 0.356345 ; 1.33219 ; 375352 ; 375352 ; 88.8975
673 ; 0.281753 ; 0.142748 ; 0.315851 ; 0.468947 ; 375911 ; 375911 ; 88.8975
674 ; 0.276016 ; -0.155953 ; 0.317027 ; -0.514299 ; 376469 ; 376469 ; 88.8975
675 ; 0.0723625 ; -0.351403 ; 0.358776 ; -1.36771 ; 377028 ; 377028 ; 88.8975
676 ; -0.177307 ; -0.369632 ; 0.409958 ; -2.01806 ; 377586 ; 377586 ; 88.8975
677 ; -0.369082 ; -0.256171 ; 0.449272 ; -2.53485 ; 378145 ; 378145 ; 88.8975
678 ; -0.462881 ; -0.0723467 ; 0.468501 ; -2.98655 ; 378703 ; 378704 ; 88.8975
679 ; -0.446984 ; 0.129056 ; 0.465242 ; 2.86051 ; 379262 ; 379262 ; 88.8975
680 ; -0.323095 ; 0.298451 ; 0.439845 ; 2.39582 ; 379821 ; 379821 ; 88.8975
681 ; -0.108619 ; 0.380684 ; 0.395877 ; 1.84874 ; 380379 ; 380379 ; 88.8975
682 ; 0.142227 ; 0.313719 ; 0.344454 ; 1.14515 ; 380938 ; 380938 ; 88.8975
683 ; 0.302923 ; 0.0726415 ; 0.311511 ; 0.235358 ; 381496 ; 381496 ; 88.8975
684 ; 0.240058 ; -0.21819 ; 0.324398 ; -0.737713 ; 382055 ; 382055 ; 88.8975
685 ; 0.0114244 ; -0.371092 ; 0.371268 ; -1.54002 ; 382613 ; 382613 ; 88.8975
686 ; -0.230746 ; -0.352028 ; 0.420913 ; -2.15101 ; 383172 ; 383172 ; 88.8975
687 ; -0.401196 ; -0.216439 ; 0.455855 ; -2.64686 ; 383730 ; 383731 ; 88.8975
688 ; -0.469187 ; -0.0238655 ; 0.469794 ; -3.09077 ; 384289 ; 384289 ; 88.8975
689 ; -0.426834 ; 0.174459 ; 0.461111 ; 2.75358 ; 384848 ; 384848 ; 88.8975
690 ; -0.278807 ; 0.328368 ; 0.430766 ; 2.27475 ; 385406 ; 385406 ; 88.8975
691 ; -0.0485133 ; 0.380475 ; 0.383555 ; 1.69762 ; 385965 ; 385965 ; 88.8975
692 ; 0.195307 ; 0.270417 ; 0.333572 ; 0.945297 ; 386523 ; 386523 ; 88.8975
693 ; 0.310049 ; -0.000816087 ; 0.31005 ; -0.00263212 ; 387082 ; 387082 ; 88.8975
694 ; 0.194208 ; -0.271485 ; 0.333798 ; -0.949842 ; 387640 ; 387640 ; 88.8975
695 ; -0.0498566 ; -0.380579 ; 0.383831 ; -1.70106 ; 388199 ; 388199 ; 88.8975
696 ; -0.279838 ; -0.327768 ; 0.430977 ; -2.27747 ; 388757 ; 388758 ; 88.8975
697 ; -0.427345 ; -0.173483 ; 0.461216 ; -2.75596 ; 389316 ; 389316 ; 88.8975
698 ; -0.469117 ; 0.0249405 ; 0.469779 ; 3.08848 ; 389875 ; 389875 ; 88.8975
699 ; -0.400552 ; 0.217352 ; 0.455723 ; 2.64442 ; 390433 ; 390433 ; 88.8975
700 ; -0.229613 ; 0.352492 ; 0.420681 ; 2.14815 ; 390992 ; 390992 ; 88.8975
701 ; 0.0127782 ; 0.370771 ; 0.370991 ; 1.53635 ; 391551 ; 391550 ; 88.8975
702 ; 0.240966 ; 0.216907 ; 0.324212 ; 0.732901 ; 392109 ; 392109 ; 88.8975
703 ; 0.302604 ; -0.0742355 ; 0.311576 ; -0.240572 ; 392667 ; 392668 ; 88.8975
704 ; 0.140992 ; -0.314554 ; 0.344707 ; -1.14942 ; 393226 ; 393226 ; 88.8975
705 ; -0.10992 ; -0.380588 ; 0.396144 ; -1.85196 ; 393784 ; 393785 ; 88.8975
706 ; -0.324013 ; -0.297732 ; 0.440033 ; -2.39844 ; 394343 ; 394343 ; 88.8975
707 ; -0.447358 ; -0.128031 ; 0.465319 ; -2.86285 ; 394902 ; 394902 ; 88.8975
708 ; -0.462671 ; 0.073407 ; 0.468458 ; 2.98424 ; 395460 ; 395460 ; 88.8975
709 ; -0.368308 ; 0.257005 ; 0.449113 ; 2.53235 ; 396019 ; 396019 ; 88.8975
710 ; -0.176085 ; 0.369939 ; 0.409708 ; 2.01505 ; 396578 ; 396577 ; 88.8975
711 ; 0.0736886 ; 0.350849 ; 0.358504 ; 1.36378 ; 397136 ; 397136 ; 88.8975
712 ; 0.276679 ; 0.154495 ; 0.316891 ; 0.509262 ; 397695 ; 397695 ; 88.8975
713 ; 0.281138 ; -0.144232 ; 0.315977 ; -0.474017 ; 398253 ; 398253 ; 88.8975
714 ; 0.0829046 ; -0.346844 ; 0.356615 ; -1.33617 ; 398811 ; 398812 ; 88.8975
715 ; -0.167514 ; -0.371972 ; 0.407951 ; -1.99393 ; 399370 ; 399370 ; 88.8975
716 ; -0.362836 ; -0.262767 ; 0.447992 ; -2.51481 ; 399929 ; 399929 ; 88.8975
717 ; -0.461115 ; -0.0807872 ; 0.468139 ; -2.96815 ; 400487 ; 400487 ; 88.8975
718 ; -0.449883 ; 0.120866 ; 0.465836 ; 2.87913 ; 401046 ; 401046 ; 88.8975
719 ; -0.33034 ; 0.292656 ; 0.44133 ; 2.41661 ; 401605 ; 401604 ; 88.8975
720 ; -0.118965 ; 0.379802 ; 0.397998 ; 1.87434 ; 402163 ; 402163 ; 88.8975
721 ; 0.132317 ; 0.320225 ; 0.346485 ; 1.17896 ; 402722 ; 402722 ; 88.8975
722 ; 0.300187 ; 0.0853025 ; 0.312072 ; 0.276866 ; 403280 ; 403280 ; 88.8975
723 ; 0.247166 ; -0.207846 ; 0.322941 ; -0.699196 ; 403839 ; 403839 ; 88.8975
724 ; 0.0222129 ; -0.368388 ; 0.369057 ; -1.51057 ; 404397 ; 404397 ; 88.8975
725 ; -0.221647 ; -0.355631 ; 0.419048 ; -2.12814 ; 404956 ; 404956 ; 88.8975
726 ; -0.395976 ; -0.223679 ; 0.454785 ; -2.6274 ; 405514 ; 405514 ; 88.8975
727 ; -0.46854 ; -0.032432 ; 0.469661 ; -3.07248 ; 406073 ; 406073 ; 88.8975
728 ; -0.430826 ; 0.166638 ; 0.461929 ; 2.77253 ; 406632 ; 406632 ; 88.8975
729 ; -0.286963 ; 0.323504 ; 0.432438 ; 2.29641 ; 407190 ; 407190 ; 88.8975
730 ; -0.0592066 ; 0.381177 ; 0.385748 ; 1.72489 ; 407749 ; 407749 ; 88.8975
731 ; 0.18644 ; 0.278795 ; 0.33539 ; 0.981364 ; 408307 ; 408307 ; 88.8975
732 ; 0.309851 ; 0.0121954 ; 0.310091 ; 0.0393385 ; 408866 ; 408866 ; 88.8975
733 ; 0.202875 ; -0.26283 ; 0.332021 ; -0.913433 ; 409424 ; 409424 ; 88.8975
734 ; -0.0391301 ; -0.379621 ; 0.381632 ; -1.67351 ; 409983 ; 409983 ; 88.8975
735 ; -0.271549 ; -0.332477 ; 0.429278 ; -2.25566 ; 410541 ; 410541 ; 88.8975
736 ; -0.423188 ; -0.181236 ; 0.460364 ; -2.73696 ; 411100 ; 411100 ; 88.8975
737 ; -0.469591 ; 0.016365 ; 0.469876 ; 3.10676 ; 411659 ; 411659 ; 88.8975
738 ; -0.40561 ; 0.210025 ; 0.45676 ; 2.66381 ; 412217 ; 412217 ; 88.8975
739 ; -0.238594 ; 0.348709 ; 0.422522 ; 2.17085 ; 412776 ; 412776 ; 88.8975
740 ; 0.00198064 ; 0.373199 ; 0.373204 ; 1.56549 ; 413334 ; 413334 ; 88.8975
741 ; 0.233589 ; 0.227008 ; 0.325725 ; 0.771112 ; 413893 ; 413893 ; 88.8975
742 ; 0.304958 ; -0.061482 ; 0.311094 ; -0.198941 ; 414451 ; 414451 ; 88.8975
743 ; 0.15077 ; -0.307755 ; 0.342702 ; -1.11526 ; 415010 ; 415010 ; 88.8975
744 ; -0.099507 ; -0.381237 ; 0.394009 ; -1.82611 ; 415568 ; 415568 ; 88.8975
745 ; -0.316623 ; -0.303394 ; 0.438518 ; -2.37753 ; 416127 ; 416127 ; 88.8975
746 ; -0.44429 ; -0.136172 ; 0.46469 ; -2.84419 ; 416686 ; 416686 ; 88.8975
747 ; -0.464265 ; 0.0649395 ; 0.468785 ; 3.00262 ; 417244 ; 417244 ; 88.8975
748 ; -0.3744 ; 0.250301 ; 0.450362 ; 2.55229 ; 417803 ; 417803 ; 88.8975
749 ; -0.18578 ; 0.367395 ; 0.411695 ; 2.03897 ; 418361 ; 418361 ; 88.8975
750 ; 0.0630862 ; 0.355118 ; 0.360678 ; 1.39498 ; 418920 ; 418920 ; 88.8975
751 ; 0.271226 ; 0.16603 ; 0.318009 ; 0.549304 ; 419478 ; 419478 ; 88.8975
752 ; 0.285872 ; -0.132312 ; 0.315007 ; -0.433477 ; 420037 ; 420037 ; 88.8975
753 ; 0.0933669 ; -0.341953 ; 0.35447 ; -1.30425 ; 420595 ; 420595 ; 88.8975
754 ; -0.157613 ; -0.374072 ; 0.405921 ; -1.96957 ; 421154 ; 421154 ; 88.8975
755 ; -0.356413 ; -0.269236 ; 0.446675 ; -2.49464 ; 421712 ; 421713 ; 88.8975
756 ; -0.459154 ; -0.0891935 ; 0.467737 ; -2.94973 ; 422271 ; 422271 ; 88.8975
757 ; -0.452588 ; 0.112624 ; 0.466391 ; 2.8977 ; 422830 ; 422830 ; 88.8975
758 ; -0.337418 ; 0.286712 ; 0.442781 ; 2.43726 ; 423388 ; 423388 ; 88.8975
759 ; -0.129229 ; 0.378658 ; 0.400102 ; 1.89968 ; 423947 ; 423947 ; 88.8975
760 ; 0.122268 ; 0.326396 ; 0.348545 ; 1.21238 ; 424506 ; 424505 ; 88.8975
761 ; 0.297021 ; 0.0978413 ; 0.312721 ; 0.318214 ; 425064 ; 425064 ; 88.8975
762 ; 0.253955 ; -0.197233 ; 0.321549 ; -0.660337 ; 425622 ; 425623 ; 88.8975
763 ; 0.0329821 ; -0.365363 ; 0.366849 ; -1.48077 ; 426181 ; 426181 ; 88.8975
764 ; -0.212416 ; -0.359024 ; 0.417156 ; -2.10505 ; 426739 ; 426740 ; 88.8975
765 ; -0.390573 ; -0.230816 ; 0.453678 ; -2.60784 ; 427298 ; 427298 ; 88.8975
766 ; -0.467695 ; -0.0409848 ; 0.469488 ; -3.05418 ; 427857 ; 427857 ; 88.8975
767 ; -0.434626 ; 0.158743 ; 0.462709 ; 2.79141 ; 428415 ; 428415 ; 88.8975
768 ; -0.294965 ; 0.318464 ; 0.434078 ; 2.3179 ; 428974 ; 428974 ; 88.8975
769 ; -0.069855 ; 0.381589 ; 0.387931 ; 1.75185 ; 429533 ; 429532 ; 88.8975
770 ; 0.177357 ; 0.286851 ; 0.337252 ; 1.01704 ; 430091 ; 430091 ; 88.8975
771 ; 0.3092 ; 0.025189 ; 0.310224 ; 0.0812855 ; 430650 ; 430650 ; 88.8975
772 ; 0.211302 ; -0.253861 ; 0.330293 ; -0.876638 ; 431208 ; 431208 ; 88.8975
773 ; -0.028373 ; -0.378364 ; 0.379427 ; -1.64564 ; 431766 ; 431767 ; 88.8975
774 ; -0.26311 ; -0.337002 ; 0.427548 ; -2.23368 ; 432325 ; 432325 ; 88.8975
775 ; -0.418842 ; -0.188909 ; 0.459473 ; -2.71789 ; 432884 ; 432884 ; 88.8975
776 ; -0.469869 ; 0.00778273 ; 0.469933 ; 3.12503 ; 433442 ; 433442 ; 88.8975
777 ; -0.410483 ; 0.202601 ; 0.457759 ; 2.68311 ; 434001 ; 434001 ; 88.8975
778 ; -0.247438 ; 0.344724 ; 0.424335 ; 2.19336 ; 434560 ; 434559 ; 88.8975
779 ; -0.00881858 ; 0.375314 ; 0.375418 ; 1.59429 ; 435118 ; 435118 ; 88.8975
780 ; 0.225917 ; 0.236823 ; 0.327297 ; 0.808961 ; 435677 ; 435677 ; 88.8975
781 ; 0.306871 ; -0.0486395 ; 0.310702 ; -0.157194 ; 436235 ; 436235 ; 88.8975
782 ; 0.160385 ; -0.300623 ; 0.340731 ; -1.0807 ; 436794 ; 436794 ; 88.8975
783 ; -0.0890227 ; -0.381614 ; 0.39186 ; -1.79998 ; 437352 ; 437352 ; 88.8975
784 ; -0.309069 ; -0.308899 ; 0.436969 ; -2.35647 ; 437911 ; 437911 ; 88.8975
785 ; -0.441029 ; -0.144254 ; 0.464021 ; -2.82548 ; 438469 ; 438469 ; 88.8975
786 ; -0.465663 ; 0.0564444 ; 0.469071 ; 3.02097 ; 439028 ; 439028 ; 88.8975
787 ; -0.380313 ; 0.243478 ; 0.451574 ; 2.57213 ; 439587 ; 439587 ; 88.8975
788 ; -0.195359 ; 0.364621 ; 0.413659 ; 2.06266 ; 440145 ; 440145 ; 88.8975
789 ; 0.0524252 ; 0.359056 ; 0.362863 ; 1.42581 ; 440704 ; 440704 ; 88.8975
790 ; 0.265406 ; 0.177341 ; 0.319202 ; 0.589055 ; 441262 ; 441262 ; 88.8975
791 ; 0.290207 ; -0.120207 ; 0.314118 ; -0.392697 ; 441821 ; 441821 ; 88.8975
792 ; 0.103738 ; -0.336726 ; 0.352344 ; -1.27195 ; 442379 ; 442379 ; 88.8975
793 ; -0.14761 ; -0.375929 ; 0.40387 ; -1.94495 ; 442938 ; 442938 ; 88.8975
794 ; -0.349817 ; -0.275573 ; 0.445323 ; -2.47436 ; 443496 ; 443496 ; 88.8975
795 ; -0.456997 ; -0.0975617 ; 0.467295 ; -2.93127 ; 444055 ; 444055 ; 88.8975
796 ; -0.455099 ; 0.104334 ; 0.466906 ; 2.91623 ; 444614 ; 444614 ; 88.8975
797 ; -0.344326 ; 0.280625 ; 0.444197 ; 2.45777 ; 445172 ; 445172 ; 88.8975
798 ; -0.139405 ; 0.377255 ; 0.402188 ; 1.92476 ; 445731 ; 445731 ; 88.8975
799 ; 0.112094 ; 0.33223 ; 0.350631 ; 1.24539 ; 446289 ; 446289 ; 88.8975
800 ; 0.293432 ; 0.110241 ; 0.313457 ; 0.359379 ; 446848 ; 446848 ; 88.8975
801 ; 0.260411 ; -0.186362 ; 0.320226 ; -0.621149 ; 447406 ; 447406 ; 88.8975
802 ; 0.0437222 ; -0.362017 ; 0.364647 ; -1.4506 ; 447965 ; 447965 ; 88.8975
803 ; -0.203058 ; -0.362201 ; 0.415237 ; -2.08176 ; 448523 ; 448523 ; 88.8975
804 ; -0.384987 ; -0.237846 ; 0.452533 ; -2.58819 ; 449082 ; 449082 ; 88.8975
805 ; -0.466654 ; -0.0495204 ; 0.469274 ; -3.03587 ; 449641 ; 449641 ; 88.8975
806 ; -0.438236 ; 0.150778 ; 0.463449 ; 2.81022 ; 450199 ; 450199 ; 88.8975
807 ; -0.302809 ; 0.313255 ; 0.435686 ; 2.33924 ; 450758 ; 450758 ; 88.8975
808 ; -0.0804512 ; 0.381717 ; 0.390103 ; 1.77852 ; 451316 ; 451316 ; 88.8975
809 ; 0.168072 ; 0.294581 ; 0.339155 ; 1.05232 ; 451875 ; 451875 ; 88.8975
810 ; 0.308098 ; 0.0381458 ; 0.31045 ; 0.123184 ; 452433 ; 452433 ; 88.8975
811 ; 0.219472 ; -0.244585 ; 0.328618 ; -0.839462 ; 452992 ; 452992 ; 88.8975
812 ; -0.0175933 ; -0.376806 ; 0.377217 ; -1.61745 ; 453550 ; 453551 ; 88.8975
813 ; -0.254524 ; -0.341339 ; 0.425788 ; -2.21152 ; 454109 ; 454109 ; 88.8975
814 ; -0.414308 ; -0.196497 ; 0.458543 ; -2.69873 ; 454668 ; 454668 ; 88.8975
815 ; -0.469949 ; -0.000802854 ; 0.46995 ; -3.13988 ; 455226 ; 455226 ; 88.8975
816 ; -0.41517 ; 0.195085 ; 0.45872 ; 2.70232 ; 455785 ; 455785 ; 88.8975
817 ; -0.256141 ; 0.340543 ; 0.426119 ; 2.21567 ; 456344 ; 456343 ; 88.8975
818 ; -0.0196106 ; 0.377121 ; 0.37763 ; 1.62275 ; 456902 ; 456902 ; 88.8975
819 ; 0.217964 ; 0.246343 ; 0.328928 ; 0.846443 ; 457461 ; 457460 ; 88.8975
820 ; 0.308338 ; -0.0357264 ; 0.310401 ; -0.115353 ; 458019 ; 458019 ; 88.8975
821 ; 0.169823 ; -0.293161 ; 0.338796 ; -1.04575 ; 458577 ; 458578 ; 88.8975
822 ; -0.0784739 ; -0.381714 ; 0.389697 ; -1.77355 ; 459136 ; 459136 ; 88.8975
823 ; -0.301354 ; -0.314242 ; 0.435388 ; -2.33526 ; 459695 ; 459695 ; 88.8975
824 ; -0.437575 ; -0.152273 ; 0.463313 ; -2.80671 ; 460253 ; 460253 ; 88.8975
825 ; -0.466864 ; 0.0479256 ; 0.469317 ; 3.0393 ; 460812 ; 460812 ; 88.8975
826 ; -0.386046 ; 0.236539 ; 0.45275 ; 2.59187 ; 461370 ; 461370 ; 88.8975
827 ; -0.204818 ; 0.361623 ; 0.415598 ; 2.08613 ; 461929 ; 461929 ; 88.8975
828 ; 0.0417163 ; 0.362667 ; 0.365058 ; 1.45627 ; 462488 ; 462487 ; 88.8975
829 ; 0.25923 ; 0.188414 ; 0.320468 ; 0.628502 ; 463046 ; 463046 ; 88.8975
830 ; 0.294135 ; -0.107933 ; 0.313313 ; -0.351696 ; 463605 ; 463605 ; 88.8975
831 ; 0.114006 ; -0.331165 ; 0.350239 ; -1.23925 ; 464163 ; 464163 ; 88.8975
832 ; -0.137509 ; -0.377537 ; 0.4018 ; -1.92009 ; 464722 ; 464722 ; 88.8975
833 ; -0.343047 ; -0.281774 ; 0.443935 ; -2.45395 ; 465280 ; 465280 ; 88.8975
834 ; -0.454644 ; -0.105888 ; 0.466812 ; -2.91277 ; 465839 ; 465839 ; 88.8975
835 ; -0.457415 ; 0.0959998 ; 0.46738 ; 2.93472 ; 466397 ; 466397 ; 88.8975
836 ; -0.351063 ; 0.274398 ; 0.445578 ; 2.47816 ; 466956 ; 466956 ; 88.8975
837 ; -0.149488 ; 0.3756 ; 0.404255 ; 1.94958 ; 467515 ; 467515 ; 88.8975
838 ; 0.101806 ; 0.337729 ; 0.35274 ; 1.27802 ; 468073 ; 468073 ; 88.8975
839 ; 0.289427 ; 0.122484 ; 0.314278 ; 0.40034 ; 468632 ; 468632 ; 88.8975
840 ; 0.266522 ; -0.175243 ; 0.318973 ; -0.581644 ; 469190 ; 469190 ; 88.8975
841 ; 0.0544229 ; -0.358344 ; 0.362454 ; -1.42007 ; 469749 ; 469749 ; 88.8975
842 ; -0.193577 ; -0.365157 ; 0.413293 ; -2.05825 ; 470307 ; 470307 ; 88.8975
843 ; -0.379221 ; -0.244763 ; 0.45135 ; -2.56843 ; 470866 ; 470866 ; 88.8975
844 ; -0.465416 ; -0.058035 ; 0.469021 ; -3.01754 ; 471424 ; 471424 ; 88.8975
845 ; -0.441653 ; 0.142747 ; 0.464149 ; 2.82898 ; 471983 ; 471983 ; 88.8975
846 ; -0.310494 ; 0.307881 ; 0.437262 ; 2.36042 ; 472542 ; 472542 ; 88.8975
847 ; -0.0909885 ; 0.381564 ; 0.392263 ; 1.80489 ; 473100 ; 473100 ; 88.8975
848 ; 0.1586 ; 0.301982 ; 0.341097 ; 1.0872 ; 473659 ; 473659 ; 88.8975
849 ; 0.306547 ; 0.0510472 ; 0.310768 ; 0.165009 ; 474217 ; 474217 ; 88.8975
850 ; 0.227374 ; -0.235009 ; 0.326999 ; -0.801911 ; 474776 ; 474776 ; 88.8975
851 ; -0.00679926 ; -0.374942 ; 0.375004 ; -1.58893 ; 475334 ; 475334 ; 88.8975
852 ; -0.245795 ; -0.345484 ; 0.423998 ; -2.18917 ; 475893 ; 475893 ; 88.8975
853 ; -0.409586 ; -0.203996 ; 0.457575 ; -2.6795 ; 476451 ; 476451 ; 88.8975
854 ; -0.469832 ; -0.0093881 ; 0.469926 ; -3.12161 ; 477010 ; 477010 ; 88.8975
855 ; -0.419669 ; 0.18748 ; 0.459642 ; 2.72146 ; 477569 ; 477569 ; 88.8975
856 ; -0.264699 ; 0.33617 ; 0.427874 ; 2.23781 ; 478127 ; 478127 ; 88.8975
857 ; -0.0303867 ; 0.378622 ; 0.37984 ; 1.65088 ; 478686 ; 478686 ; 88.8975
858 ; 0.209745 ; 0.255562 ; 0.330613 ; 0.883548 ; 479244 ; 479244 ; 88.8975
859 ; 0.309356 ; -0.0227612 ; 0.310192 ; -0.0734438 ; 479803 ; 479803 ; 88.8975
860 ; 0.179071 ; -0.285369 ; 0.336901 ; -1.0104 ; 480361 ; 480361 ; 88.8975
861 ; -0.0678673 ; -0.381534 ; 0.387523 ; -1.74684 ; 480920 ; 480920 ; 88.8975
862 ; -0.29348 ; -0.31942 ; 0.433774 ; -2.3139 ; 481478 ; 481479 ; 88.8975
863 ; -0.43393 ; -0.160225 ; 0.462566 ; -2.78788 ; 482037 ; 482037 ; 88.8975
864 ; -0.467868 ; 0.0393865 ; 0.469523 ; 3.05761 ; 482596 ; 482596 ; 88.8975
865 ; -0.391597 ; 0.22949 ; 0.453888 ; 2.61151 ; 483154 ; 483154 ; 88.8975
866 ; -0.214152 ; 0.358406 ; 0.417512 ; 2.10939 ; 483713 ; 483713 ; 88.8975
867 ; 0.03097 ; 0.365953 ; 0.367261 ; 1.48637 ; 484272 ; 484271 ; 88.8975
868 ; 0.25271 ; 0.199238 ; 0.321805 ; 0.66763 ; 484830 ; 484830 ; 88.8975
869 ; 0.297646 ; -0.0955064 ; 0.312593 ; -0.310495 ; 485388 ; 485388 ; 88.8975
870 ; 0.124158 ; -0.325267 ; 0.348158 ; -1.20616 ; 485947 ; 485947 ; 88.8975
871 ; -0.127316 ; -0.378891 ; 0.39971 ; -1.89497 ; 486505 ; 486506 ; 88.8975
872 ; -0.336107 ; -0.287835 ; 0.442512 ; -2.43341 ; 487064 ; 487064 ; 88.8975
873 ; -0.452097 ; -0.11417 ; 0.46629 ; -2.89423 ; 487623 ; 487623 ; 88.8975
874 ; -0.459536 ; 0.0876242 ; 0.467815 ; 2.95317 ; 488181 ; 488181 ; 88.8975
875 ; -0.357628 ; 0.268036 ; 0.446924 ; 2.49842 ; 488740 ; 488740 ; 88.8975
876 ; -0.159473 ; 0.373698 ; 0.406302 ; 1.97414 ; 489299 ; 489298 ; 88.8975
877 ; 0.0914169 ; 0.342893 ; 0.35487 ; 1.31025 ; 489857 ; 489857 ; 88.8975
878 ; 0.285017 ; 0.134556 ; 0.315182 ; 0.441077 ; 490416 ; 490415 ; 88.8975
879 ; 0.272274 ; -0.16389 ; 0.317794 ; -0.541837 ; 490974 ; 490974 ; 88.8975
880 ; 0.0650738 ; -0.354344 ; 0.36027 ; -1.38917 ; 491532 ; 491533 ; 88.8975
881 ; -0.183975 ; -0.367888 ; 0.411325 ; -2.03451 ; 492091 ; 492091 ; 88.8975
882 ; -0.373274 ; -0.251564 ; 0.450131 ; -2.54857 ; 492650 ; 492650 ; 88.8975
883 ; -0.463982 ; -0.0665252 ; 0.468726 ; -2.99918 ; 493208 ; 493208 ; 88.8975
884 ; -0.444879 ; 0.134654 ; 0.46481 ; 2.84768 ; 493767 ; 493767 ; 88.8975
885 ; -0.318018 ; 0.302347 ; 0.438804 ; 2.38145 ; 494326 ; 494325 ; 88.8975
886 ; -0.10146 ; 0.381136 ; 0.39441 ; 1.83097 ; 494884 ; 494884 ; 88.8975
887 ; 0.148954 ; 0.309052 ; 0.343075 ; 1.12168 ; 495443 ; 495443 ; 88.8975
888 ; 0.304551 ; 0.0638744 ; 0.311177 ; 0.206736 ; 496001 ; 496001 ; 88.8975
889 ; 0.234991 ; -0.225141 ; 0.325437 ; -0.763993 ; 496560 ; 496560 ; 88.8975
890 ; 0.00400033 ; -0.372769 ; 0.37279 ; -1.56007 ; 497118 ; 497118 ; 88.8975
891 ; -0.236925 ; -0.349432 ; 0.42218 ; -2.16662 ; 497677 ; 497677 ; 88.8975
892 ; -0.404678 ; -0.211402 ; 0.456569 ; -2.66019 ; 498235 ; 498235 ; 88.8975
893 ; -0.469518 ; -0.0179694 ; 0.469861 ; -3.10334 ; 498794 ; 498794 ; 88.8975
894 ; -0.42398 ; 0.179792 ; 0.460526 ; 2.74052 ; 499353 ; 499352 ; 88.8975
895 ; -0.27311 ; 0.33161 ; 0.429598 ; 2.25976 ; 499911 ; 499911 ; 88.8975
896 ; -0.0411387 ; 0.379822 ; 0.382044 ; 1.67869 ; 500470 ; 500470 ; 88.8975
897 ; 0.201272 ; 0.264472 ; 0.332349 ; 0.920271 ; 501028 ; 501028 ; 88.8975
898 ; 0.309922 ; -0.00976281 ; 0.310076 ; -0.0314904 ; 501587 ; 501587 ; 88.8975
899 ; 0.188115 ; -0.277253 ; 0.335047 ; -0.974649 ; 502145 ; 502145 ; 88.8975
900 ; -0.05721 ; -0.381068 ; 0.385338 ; -1.71981 ; 502704 ; 502704 ; 88.8975
901 ; -0.285449 ; -0.324427 ; 0.432127 ; -2.29237 ; 503262 ; 503262 ; 88.8975
902 ; -0.430094 ; -0.168106 ; 0.461779 ; -2.76899 ; 503821 ; 503821 ; 88.8975
903 ; -0.468676 ; 0.0308308 ; 0.469689 ; 3.0759 ; 504379 ; 504379 ; 88.8975
904 ; -0.396967 ; 0.222333 ; 0.454988 ; 2.63104 ; 504938 ; 504938 ; 88.8975
905 ; -0.223359 ; 0.354974 ; 0.419399 ; 2.13243 ; 505497 ; 505497 ; 88.8975
906 ; 0.0201965 ; 0.368918 ; 0.36947 ; 1.51611 ; 506055 ; 506055 ; 88.8975
907 ; 0.245861 ; 0.209801 ; 0.323209 ; 0.706425 ; 506614 ; 506614 ; 88.8975
908 ; 0.300732 ; -0.0829435 ; 0.31196 ; -0.269115 ; 507172 ; 507172 ; 88.8975
909 ; 0.134181 ; -0.319034 ; 0.346103 ; -1.17267 ; 507731 ; 507731 ; 88.8975
910 ; -0.117036 ; -0.379987 ; 0.397603 ; -1.86958 ; 508289 ; 508289 ; 88.8975
911 ; -0.328998 ; -0.293751 ; 0.441055 ; -2.41273 ; 508848 ; 508848 ; 88.8975
912 ; -0.449356 ; -0.122402 ; 0.465728 ; -2.87565 ; 509406 ; 509406 ; 88.8975
913 ; -0.461461 ; 0.0792112 ; 0.46821 ; 2.9716 ; 509965 ; 509965 ; 88.8975
914 ; -0.364017 ; 0.261543 ; 0.448234 ; 2.51856 ; 510524 ; 510524 ; 88.8975
915 ; -0.169354 ; 0.371552 ; 0.408328 ; 1.99846 ; 511082 ; 511082 ; 88.8975
916 ; 0.0809388 ; 0.347722 ; 0.357018 ; 1.3421 ; 511641 ; 511641 ; 88.8975
917 ; 0.280209 ; 0.14644 ; 0.316167 ; 0.481571 ; 512199 ; 512199 ; 88.8975
918 ; 0.277657 ; -0.152314 ; 0.316691 ; -0.501743 ; 512758 ; 512758 ; 88.8975
919 ; 0.075664 ; -0.350014 ; 0.358099 ; -1.3579 ; 513316 ; 513316 ; 88.8975
920 ; -0.174259 ; -0.370388 ; 0.409333 ; -2.01055 ; 513875 ; 513875 ; 88.8975
921 ; -0.36715 ; -0.258246 ; 0.448876 ; -2.5286 ; 514433 ; 514434 ; 88.8975
922 ; -0.462351 ; -0.0749872 ; 0.468392 ; -2.98081 ; 514992 ; 514992 ; 88.8975
923 ; -0.447911 ; 0.126503 ; 0.465432 ; 2.86633 ; 515551 ; 515551 ; 88.8975
924 ; -0.325377 ; 0.296657 ; 0.440312 ; 2.40233 ; 516109 ; 516109 ; 88.8975
925 ; -0.11186 ; 0.380437 ; 0.396541 ; 1.85677 ; 516668 ; 516668 ; 88.8975
926 ; 0.139147 ; 0.315788 ; 0.345085 ; 1.15576 ; 517227 ; 517226 ; 88.8975
927 ; 0.302115 ; 0.0766093 ; 0.311677 ; 0.248342 ; 517785 ; 517785 ; 88.8975
928 ; 0.242312 ; -0.214987 ; 0.323936 ; -0.725716 ; 518343 ; 518343 ; 88.8975
929 ; 0.0147965 ; -0.370281 ; 0.370577 ; -1.53086 ; 518902 ; 518902 ; 88.8975
930 ; -0.227918 ; -0.353176 ; 0.420333 ; -2.14389 ; 519460 ; 519461 ; 88.8975
931 ; -0.399585 ; -0.218712 ; 0.455525 ; -2.64079 ; 520019 ; 520019 ; 88.8975
932 ; -0.469006 ; -0.0265432 ; 0.469756 ; -3.08506 ; 520578 ; 520578 ; 88.8975
933 ; -0.428102 ; 0.172024 ; 0.461371 ; 2.75951 ; 521136 ; 521136 ; 88.8975
934 ; -0.281372 ; 0.326867 ; 0.431291 ; 2.28153 ; 521695 ; 521695 ; 88.8975
935 ; -0.0518586 ; 0.380726 ; 0.384241 ; 1.70617 ; 522254 ; 522253 ; 88.8975
936 ; 0.192561 ; 0.273069 ; 0.334135 ; 0.956607 ; 522812 ; 522812 ; 88.8975
937 ; 0.310036 ; 0.00324985 ; 0.310053 ; 0.0104818 ; 523370 ; 523370 ; 88.8975
938 ; 0.196941 ; -0.268815 ; 0.333237 ; -0.938508 ; 523929 ; 523929 ; 88.8975
939 ; -0.0465091 ; -0.380311 ; 0.383145 ; -1.69248 ; 524487 ; 524488 ; 88.8975
940 ; -0.277265 ; -0.329258 ; 0.430449 ; -2.27068 ; 525046 ; 525046 ; 88.8975
941 ; -0.426067 ; -0.175914 ; 0.460954 ; -2.75003 ; 525605 ; 525605 ; 88.8975
942 ; -0.469286 ; 0.0222622 ; 0.469814 ; 3.09419 ; 526163 ; 526163 ; 88.8975
943 ; -0.402152 ; 0.215074 ; 0.456051 ; 2.65049 ; 526722 ; 526722 ; 88.8975
944 ; -0.232433 ; 0.351332 ; 0.421259 ; 2.15527 ; 527281 ; 527280 ; 88.8975
945 ; 0.00940543 ; 0.371563 ; 0.371682 ; 1.54549 ; 527839 ; 527839 ; 88.8975
946 ; 0.238694 ; 0.220093 ; 0.324678 ; 0.744878 ; 528398 ; 528398 ; 88.8975
947 ; 0.303386 ; -0.0702616 ; 0.311416 ; -0.227579 ; 528956 ; 528956 ; 88.8975
948 ; 0.144064 ; -0.312465 ; 0.344077 ; -1.13879 ; 529514 ; 529515 ; 88.8975
949 ; -0.106675 ; -0.38082 ; 0.395479 ; -1.84392 ; 530073 ; 530073 ; 88.8975
950 ; -0.321722 ; -0.299518 ; 0.439563 ; -2.39192 ; 530632 ; 530632 ; 88.8975
951 ; -0.44642 ; -0.130581 ; 0.465126 ; -2.85702 ; 531190 ; 531190 ; 88.8975
952 ; -0.46319 ; 0.0707647 ; 0.468564 ; 2.98999 ; 531749 ; 531749 ; 88.8975
953 ; -0.370231 ; 0.254924 ; 0.449508 ; 2.53859 ; 532308 ; 532307 ; 88.8975
954 ; -0.179126 ; 0.369169 ; 0.410331 ; 2.02255 ; 532866 ; 532866 ; 88.8975
955 ; 0.0703831 ; 0.352218 ; 0.359182 ; 1.37357 ; 533425 ; 533425 ; 88.8975
956 ; 0.275016 ; 0.158122 ; 0.317232 ; 0.521802 ; 533983 ; 533983 ; 88.8975
957 ; 0.282659 ; -0.140529 ; 0.315665 ; -0.461378 ; 534542 ; 534542 ; 88.8975
958 ; 0.0861824 ; -0.345352 ; 0.355943 ; -1.32624 ; 535100 ; 535100 ; 88.8975
959 ; -0.164432 ; -0.372654 ; 0.407319 ; -1.98635 ; 535659 ; 535659 ; 88.8975
960 ; -0.360848 ; -0.264802 ; 0.447584 ; -2.50852 ; 536217 ; 536217 ; 88.8975
961 ; -0.460524 ; -0.0834175 ; 0.468018 ; -2.9624 ; 536776 ; 536776 ; 88.8975
962 ; -0.450749 ; 0.118297 ; 0.466014 ; 2.88494 ; 537335 ; 537334 ; 88.8975
963 ; -0.33257 ; 0.290815 ; 0.441787 ; 2.42308 ; 537893 ; 537893 ; 88.8975
964 ; -0.122181 ; 0.379473 ; 0.398657 ; 1.88229 ; 538452 ; 538452 ; 88.8975
965 ; 0.129192 ; 0.322189 ; 0.347126 ; 1.18944 ; 539010 ; 539010 ; 88.8975
966 ; 0.299244 ; 0.089234 ; 0.312265 ; 0.289803 ; 539569 ; 539569 ; 88.8975
967 ; 0.249322 ; -0.204558 ; 0.322499 ; -0.687091 ; 540127 ; 540127 ; 88.8975
968 ; 0.02558 ; -0.367477 ; 0.368366 ; -1.5013 ; 540686 ; 540686 ; 88.8975
969 ; -0.218777 ; -0.356714 ; 0.41846 ; -2.12095 ; 541244 ; 541244 ; 88.8975
970 ; -0.394308 ; -0.225921 ; 0.454443 ; -2.6213 ; 541803 ; 541803 ; 88.8975
971 ; -0.468297 ; -0.0351058 ; 0.469611 ; -3.06677 ; 542362 ; 542362 ; 88.8975
972 ; -0.432033 ; 0.164179 ; 0.462177 ; 2.77843 ; 542920 ; 542920 ; 88.8975
973 ; -0.28948 ; 0.321948 ; 0.432954 ; 2.30314 ; 543479 ; 543479 ; 88.8975
974 ; -0.0625386 ; 0.381337 ; 0.386431 ; 1.73335 ; 544037 ; 544037 ; 88.8975
975 ; 0.183624 ; 0.281347 ; 0.335967 ; 0.992552 ; 544596 ; 544596 ; 88.8975
976 ; 0.309696 ; 0.0162578 ; 0.310123 ; 0.0524477 ; 545154 ; 545154 ; 88.8975
977 ; 0.205535 ; -0.260061 ; 0.331476 ; -0.901978 ; 545713 ; 545713 ; 88.8975
978 ; -0.0357722 ; -0.37926 ; 0.380944 ; -1.66484 ; 546271 ; 546271 ; 88.8975
979 ; -0.268928 ; -0.33391 ; 0.428741 ; -2.24882 ; 546830 ; 546830 ; 88.8975
980 ; -0.421851 ; -0.183642 ; 0.46009 ; -2.73101 ; 547388 ; 547389 ; 88.8975
981 ; -0.469699 ; 0.0136842 ; 0.469899 ; 3.11247 ; 547947 ; 547947 ; 88.8975
982 ; -0.407153 ; 0.207715 ; 0.457077 ; 2.66985 ; 548506 ; 548506 ; 88.8975
983 ; -0.241372 ; 0.347485 ; 0.423092 ; 2.17791 ; 549064 ; 549064 ; 88.8975
984 ; -0.00139361 ; 0.373893 ; 0.373896 ; 1.57452 ; 549623 ; 549623 ; 88.8975
985 ; 0.231223 ; 0.230106 ; 0.32621 ; 0.782976 ; 550181 ; 550181 ; 88.8975
986 ; 0.305603 ; -0.0574783 ; 0.310962 ; -0.18591 ; 550740 ; 550740 ; 88.8975
987 ; 0.153792 ; -0.305563 ; 0.342083 ; -1.1045 ; 551298 ; 551298 ; 88.8975
988 ; -0.0962387 ; -0.381384 ; 0.393339 ; -1.81798 ; 551857 ; 551857 ; 88.8975
989 ; -0.31428 ; -0.305131 ; 0.438038 ; -2.37096 ; 552415 ; 552416 ; 88.8975
990 ; -0.443292 ; -0.138704 ; 0.464485 ; -2.83835 ; 552974 ; 552974 ; 88.8975
991 ; -0.464723 ; 0.0622881 ; 0.468878 ; 3.00835 ; 553533 ; 553533 ; 88.8975
992 ; -0.376267 ; 0.248182 ; 0.450745 ; 2.5585 ; 554091 ; 554091 ; 88.8975
993 ; -0.188785 ; 0.366552 ; 0.412311 ; 2.0464 ; 554650 ; 554650 ; 88.8975
994 ; 0.0597612 ; 0.356383 ; 0.361359 ; 1.40465 ; 555209 ; 555208 ; 88.8975
995 ; 0.269447 ; 0.169589 ; 0.318374 ; 0.561755 ; 555767 ; 555767 ; 88.8975
996 ; 0.28727 ; -0.128549 ; 0.31472 ; -0.420761 ; 556325 ; 556326 ; 88.8975
997 ; 0.0966175 ; -0.340356 ; 0.353804 ; -1.2942 ; 556884 ; 556884 ; 88.8975
998 ; -0.154499 ; -0.374679 ; 0.405282 ; -1.9619 ; 557442 ; 557443 ; 88.8975
999 ; -0.354371 ; -0.27123 ; 0.446256 ; -2.48832 ; 558001 ; 558001 ; 88.8975
1000 ; -0.458501 ; -0.0918122 ; 0.467603 ; -2.94396 ; 558560 ; 558560 ; 88.8975
