time (days); x ; y ; r ; f ; E ; M ; P
0.347256 ; 0.309864 ; 0.0117822 ; 0.310088 ; 0.0380056 ; 0.0308713 ; 0.0245437 ; 88.8975
0.694512 ; 0.309307 ; 0.0235504 ; 0.310202 ; 0.0759925 ; 0.061735 ; 0.0490874 ; 88.8975
1.04177 ; 0.30838 ; 0.0352903 ; 0.310392 ; 0.113942 ; 0.0925836 ; 0.0736311 ; 88.8975
1.38902 ; 0.307084 ; 0.0469881 ; 0.310658 ; 0.151836 ; 0.12341 ; 0.0981748 ; 88.8975
1.73628 ; 0.305422 ; 0.0586299 ; 0.310999 ; 0.189656 ; 0.154205 ; 0.122718 ; 88.8975
2.08354 ; 0.303398 ; 0.070202 ; 0.311414 ; 0.227384 ; 0.184964 ; 0.147262 ; 88.8975
2.43079 ; 0.301014 ; 0.0816911 ; 0.311902 ; 0.265003 ; 0.215678 ; 0.171806 ; 88.8975
2.77805 ; 0.298276 ; 0.0930841 ; 0.312464 ; 0.302496 ; 0.24634 ; 0.19635 ; 88.8975
3.1253 ; 0.295189 ; 0.104368 ; 0.313096 ; 0.339845 ; 0.276944 ; 0.220893 ; 88.8975
3.47256 ; 0.291758 ; 0.11553 ; 0.3138 ; 0.377036 ; 0.307482 ; 0.245437 ; 88.8975
3.81982 ; 0.28799 ; 0.126559 ; 0.314572 ; 0.414052 ; 0.337949 ; 0.269981 ; 88.8975
4.16707 ; 0.283892 ; 0.137443 ; 0.315412 ; 0.450879 ; 0.368338 ; 0.294524 ; 88.8975
4.51433 ; 0.27947 ; 0.14817 ; 0.316319 ; 0.487502 ; 0.398642 ; 0.319068 ; 88.8975
4.86158 ; 0.274732 ; 0.15873 ; 0.31729 ; 0.523908 ; 0.428857 ; 0.343612 ; 88.8975
5.20884 ; 0.269687 ; 0.169113 ; 0.318324 ; 0.560085 ; 0.458977 ; 0.368155 ; 88.8975
5.5561 ; 0.264344 ; 0.179308 ; 0.31942 ; 0.596021 ; 0.488996 ; 0.392699 ; 88.8975
5.90335 ; 0.258711 ; 0.189306 ; 0.320575 ; 0.631705 ; 0.518909 ; 0.417243 ; 88.8975
6.25061 ; 0.252797 ; 0.199099 ; 0.321787 ; 0.667126 ; 0.548712 ; 0.441786 ; 88.8975
6.59786 ; 0.246612 ; 0.208679 ; 0.323055 ; 0.702275 ; 0.578401 ; 0.46633 ; 88.8975
6.94512 ; 0.240166 ; 0.218038 ; 0.324376 ; 0.737144 ; 0.60797 ; 0.490874 ; 88.8975
7.29238 ; 0.233468 ; 0.227168 ; 0.325749 ; 0.771723 ; 0.637418 ; 0.515418 ; 88.8975
7.63963 ; 0.226529 ; 0.236064 ; 0.327172 ; 0.806008 ; 0.666739 ; 0.539961 ; 88.8975
7.98689 ; 0.219358 ; 0.244719 ; 0.328642 ; 0.839991 ; 0.69593 ; 0.564505 ; 88.8975
8.33414 ; 0.211967 ; 0.253127 ; 0.330157 ; 0.873666 ; 0.72499 ; 0.589049 ; 88.8975
8.6814 ; 0.204366 ; 0.261284 ; 0.331715 ; 0.907029 ; 0.753914 ; 0.613592 ; 88.8975
9.02866 ; 0.196564 ; 0.269186 ; 0.333315 ; 0.940077 ; 0.782701 ; 0.638136 ; 88.8975
9.37591 ; 0.188573 ; 0.276828 ; 0.334953 ; 0.972804 ; 0.811349 ; 0.66268 ; 88.8975
9.72317 ; 0.180402 ; 0.284206 ; 0.336628 ; 1.00521 ; 0.839855 ; 0.687223 ; 88.8975
10.0704 ; 0.172063 ; 0.291319 ; 0.338337 ; 1.03729 ; 0.868219 ; 0.711767 ; 88.8975
10.4177 ; 0.163565 ; 0.298162 ; 0.34008 ; 1.06905 ; 0.896438 ; 0.736311 ; 88.8975
10.7649 ; 0.154918 ; 0.304735 ; 0.341852 ; 1.10048 ; 0.924511 ; 0.760854 ; 88.8975
11.1122 ; 0.146132 ; 0.311035 ; 0.343653 ; 1.13158 ; 0.952439 ; 0.785398 ; 88.8975
11.4594 ; 0.137218 ; 0.317062 ; 0.345481 ; 1.16235 ; 0.980219 ; 0.809942 ; 88.8975
11.8067 ; 0.128185 ; 0.322813 ; 0.347332 ; 1.1928 ; 1.00785 ; 0.834486 ; 88.8975
12.154 ; 0.119042 ; 0.32829 ; 0.349207 ; 1.22293 ; 1.03534 ; 0.859029 ; 88.8975
12.5012 ; 0.1098 ; 0.333491 ; 0.351101 ; 1.25273 ; 1.06267 ; 0.883573 ; 88.8975
12.8485 ; 0.100467 ; 0.338416 ; 0.353015 ; 1.28221 ; 1.08986 ; 0.908117 ; 88.8975
13.1957 ; 0.0910523 ; 0.343067 ; 0.354945 ; 1.31137 ; 1.1169 ; 0.93266 ; 88.8975
13.543 ; 0.0815649 ; 0.347444 ; 0.356889 ; 1.34021 ; 1.1438 ; 0.957204 ; 88.8975
13.8902 ; 0.0720134 ; 0.351547 ; 0.358848 ; 1.36874 ; 1.17055 ; 0.981748 ; 88.8975
14.2375 ; 0.0624061 ; 0.355379 ; 0.360817 ; 1.39696 ; 1.19715 ; 1.00629 ; 88.8975
14.5848 ; 0.0527514 ; 0.358941 ; 0.362796 ; 1.42488 ; 1.2236 ; 1.03084 ; 88.8975
14.932 ; 0.0430571 ; 0.362234 ; 0.364784 ; 1.45249 ; 1.24992 ; 1.05538 ; 88.8975
15.2793 ; 0.0333312 ; 0.36526 ; 0.366777 ; 1.4798 ; 1.27608 ; 1.07992 ; 88.8975
15.6265 ; 0.0235811 ; 0.368021 ; 0.368776 ; 1.50681 ; 1.30211 ; 1.10447 ; 88.8975
15.9738 ; 0.0138141 ; 0.370521 ; 0.370778 ; 1.53353 ; 1.328 ; 1.12901 ; 88.8975
16.321 ; 0.00403749 ; 0.372761 ; 0.372783 ; 1.55997 ; 1.35374 ; 1.15355 ; 88.8975
16.6683 ; -0.00574195 ; 0.374743 ; 0.374787 ; 1.58612 ; 1.37935 ; 1.1781 ; 88.8975
17.0155 ; -0.0155175 ; 0.376472 ; 0.376791 ; 1.61199 ; 1.40482 ; 1.20264 ; 88.8975
17.3628 ; -0.0252827 ; 0.377949 ; 0.378793 ; 1.63759 ; 1.43016 ; 1.22718 ; 88.8975
17.7101 ; -0.0350313 ; 0.379177 ; 0.380792 ; 1.66292 ; 1.45536 ; 1.25173 ; 88.8975
18.0573 ; -0.0447573 ; 0.38016 ; 0.382785 ; 1.68799 ; 1.48044 ; 1.27627 ; 88.8975
18.4046 ; -0.0544547 ; 0.380901 ; 0.384773 ; 1.7128 ; 1.50538 ; 1.30082 ; 88.8975
18.7518 ; -0.064118 ; 0.381403 ; 0.386754 ; 1.73735 ; 1.53019 ; 1.32536 ; 88.8975
19.0991 ; -0.0737418 ; 0.381669 ; 0.388727 ; 1.76165 ; 1.55488 ; 1.3499 ; 88.8975
19.4463 ; -0.0833207 ; 0.381703 ; 0.390691 ; 1.78571 ; 1.57944 ; 1.37445 ; 88.8975
19.7936 ; -0.0928496 ; 0.381508 ; 0.392644 ; 1.80953 ; 1.60388 ; 1.39899 ; 88.8975
20.1409 ; -0.102324 ; 0.381089 ; 0.394587 ; 1.83311 ; 1.6282 ; 1.42353 ; 88.8975
20.4881 ; -0.111738 ; 0.380447 ; 0.396517 ; 1.85647 ; 1.6524 ; 1.44808 ; 88.8975
20.8354 ; -0.121089 ; 0.379588 ; 0.398434 ; 1.87959 ; 1.67648 ; 1.47262 ; 88.8975
21.1826 ; -0.130371 ; 0.378514 ; 0.400336 ; 1.9025 ; 1.70044 ; 1.49717 ; 88.8975
21.5299 ; -0.139581 ; 0.377229 ; 0.402224 ; 1.92519 ; 1.7243 ; 1.52171 ; 88.8975
21.8771 ; -0.148714 ; 0.375737 ; 0.404097 ; 1.94767 ; 1.74804 ; 1.54625 ; 88.8975
22.2244 ; -0.157767 ; 0.374042 ; 0.405952 ; 1.96994 ; 1.77167 ; 1.5708 ; 88.8975
22.5716 ; -0.166735 ; 0.372146 ; 0.407791 ; 1.99202 ; 1.7952 ; 1.59534 ; 88.8975
22.9189 ; -0.175615 ; 0.370055 ; 0.409611 ; 2.01389 ; 1.81862 ; 1.61988 ; 88.8975
23.2662 ; -0.184404 ; 0.367771 ; 0.411413 ; 2.03557 ; 1.84194 ; 1.64443 ; 88.8975
23.6134 ; -0.193099 ; 0.365299 ; 0.413195 ; 2.05706 ; 1.86515 ; 1.66897 ; 88.8975
23.9607 ; -0.201695 ; 0.362642 ; 0.414958 ; 2.07837 ; 1.88827 ; 1.69351 ; 88.8975
24.3079 ; -0.210191 ; 0.359803 ; 0.416699 ; 2.09951 ; 1.91129 ; 1.71806 ; 88.8975
24.6552 ; -0.218583 ; 0.356786 ; 0.41842 ; 2.12046 ; 1.93421 ; 1.7426 ; 88.8975
25.0024 ; -0.226869 ; 0.353596 ; 0.420118 ; 2.14125 ; 1.95704 ; 1.76715 ; 88.8975
25.3497 ; -0.235045 ; 0.350235 ; 0.421794 ; 2.16187 ; 1.97978 ; 1.79169 ; 88.8975
25.6969 ; -0.243109 ; 0.346707 ; 0.423448 ; 2.18232 ; 2.00243 ; 1.81623 ; 88.8975
26.0442 ; -0.251059 ; 0.343016 ; 0.425077 ; 2.20262 ; 2.02499 ; 1.84078 ; 88.8975
26.3915 ; -0.258892 ; 0.339166 ; 0.426683 ; 2.22277 ; 2.04747 ; 1.86532 ; 88.8975
26.7387 ; -0.266606 ; 0.335159 ; 0.428264 ; 2.24276 ; 2.06986 ; 1.88986 ; 88.8975
27.086 ; -0.274198 ; 0.331 ; 0.429821 ; 2.26261 ; 2.09217 ; 1.91441 ; 88.8975
27.4332 ; -0.281667 ; 0.326693 ; 0.431352 ; 2.28232 ; 2.1144 ; 1.93895 ; 88.8975
27.7805 ; -0.289011 ; 0.322239 ; 0.432858 ; 2.30189 ; 2.13655 ; 1.9635 ; 88.8975
28.1277 ; -0.296228 ; 0.317644 ; 0.434337 ; 2.32132 ; 2.15863 ; 1.98804 ; 88.8975
28.475 ; -0.303315 ; 0.31291 ; 0.43579 ; 2.34063 ; 2.18063 ; 2.01258 ; 88.8975
28.8223 ; -0.310272 ; 0.308041 ; 0.437216 ; 2.3598 ; 2.20256 ; 2.03713 ; 88.8975
29.1695 ; -0.317095 ; 0.30304 ; 0.438615 ; 2.37885 ; 2.22442 ; 2.06167 ; 88.8975
29.5168 ; -0.323785 ; 0.297911 ; 0.439986 ; 2.39779 ; 2.24621 ; 2.08621 ; 88.8975
29.864 ; -0.330338 ; 0.292657 ; 0.44133 ; 2.4166 ; 2.26793 ; 2.11076 ; 88.8975
30.2113 ; -0.336755 ; 0.287282 ; 0.442645 ; 2.43531 ; 2.28959 ; 2.1353 ; 88.8975
30.5585 ; -0.343032 ; 0.281788 ; 0.443932 ; 2.4539 ; 2.31118 ; 2.15984 ; 88.8975
30.9058 ; -0.34917 ; 0.276179 ; 0.44519 ; 2.47239 ; 2.33271 ; 2.18439 ; 88.8975
31.253 ; -0.355166 ; 0.270458 ; 0.446419 ; 2.49077 ; 2.35418 ; 2.20893 ; 88.8975
31.6003 ; -0.361019 ; 0.264628 ; 0.447619 ; 2.50906 ; 2.37559 ; 2.23348 ; 88.8975
31.9476 ; -0.366729 ; 0.258693 ; 0.44879 ; 2.52725 ; 2.39695 ; 2.25802 ; 88.8975
32.2948 ; -0.372293 ; 0.252656 ; 0.44993 ; 2.54534 ; 2.41825 ; 2.28256 ; 88.8975
32.6421 ; -0.377712 ; 0.246519 ; 0.451041 ; 2.56335 ; 2.4395 ; 2.30711 ; 88.8975
32.9893 ; -0.382983 ; 0.240287 ; 0.452122 ; 2.58126 ; 2.4607 ; 2.33165 ; 88.8975
33.3366 ; -0.388107 ; 0.233962 ; 0.453172 ; 2.5991 ; 2.48184 ; 2.35619 ; 88.8975
33.6838 ; -0.393081 ; 0.227547 ; 0.454192 ; 2.61685 ; 2.50294 ; 2.38074 ; 88.8975
34.0311 ; -0.397906 ; 0.221045 ; 0.455181 ; 2.63452 ; 2.52399 ; 2.40528 ; 88.8975
34.3783 ; -0.402579 ; 0.214459 ; 0.456139 ; 2.65212 ; 2.545 ; 2.42983 ; 88.8975
34.7256 ; -0.407102 ; 0.207793 ; 0.457066 ; 2.66964 ; 2.56596 ; 2.45437 ; 88.8975
35.0729 ; -0.411471 ; 0.201048 ; 0.457962 ; 2.6871 ; 2.58689 ; 2.47891 ; 88.8975
35.4201 ; -0.415688 ; 0.194229 ; 0.458826 ; 2.70449 ; 2.60777 ; 2.50346 ; 88.8975
35.7674 ; -0.419751 ; 0.187338 ; 0.459659 ; 2.72181 ; 2.62861 ; 2.528 ; 88.8975
36.1146 ; -0.423659 ; 0.180379 ; 0.46046 ; 2.73908 ; 2.64942 ; 2.55254 ; 88.8975
36.4619 ; -0.427413 ; 0.173353 ; 0.46123 ; 2.75628 ; 2.67019 ; 2.57709 ; 88.8975
36.8091 ; -0.431011 ; 0.166264 ; 0.461967 ; 2.77343 ; 2.69092 ; 2.60163 ; 88.8975
37.1564 ; -0.434452 ; 0.159115 ; 0.462673 ; 2.79052 ; 2.71163 ; 2.62618 ; 88.8975
37.5037 ; -0.437737 ; 0.151908 ; 0.463346 ; 2.80757 ; 2.7323 ; 2.65072 ; 88.8975
37.8509 ; -0.440865 ; 0.144647 ; 0.463988 ; 2.82456 ; 2.75294 ; 2.67526 ; 88.8975
38.1982 ; -0.443835 ; 0.137334 ; 0.464596 ; 2.84151 ; 2.77356 ; 2.69981 ; 88.8975
38.5454 ; -0.446646 ; 0.129972 ; 0.465173 ; 2.85842 ; 2.79415 ; 2.72435 ; 88.8975
38.8927 ; -0.449299 ; 0.122564 ; 0.465717 ; 2.87528 ; 2.81472 ; 2.74889 ; 88.8975
39.2399 ; -0.451794 ; 0.115113 ; 0.466228 ; 2.89211 ; 2.83526 ; 2.77344 ; 88.8975
39.5872 ; -0.454129 ; 0.107621 ; 0.466707 ; 2.9089 ; 2.85578 ; 2.79798 ; 88.8975
39.9344 ; -0.456304 ; 0.100091 ; 0.467153 ; 2.92566 ; 2.87628 ; 2.82252 ; 88.8975
40.2817 ; -0.458319 ; 0.0925262 ; 0.467566 ; 2.94239 ; 2.89676 ; 2.84707 ; 88.8975
40.629 ; -0.460174 ; 0.084929 ; 0.467946 ; 2.95909 ; 2.91722 ; 2.87161 ; 88.8975
40.9762 ; -0.461869 ; 0.0773022 ; 0.468293 ; 2.97576 ; 2.93767 ; 2.89616 ; 88.8975
41.3235 ; -0.463403 ; 0.0696484 ; 0.468608 ; 2.99241 ; 2.9581 ; 2.9207 ; 88.8975
41.6707 ; -0.464776 ; 0.0619705 ; 0.468889 ; 3.00904 ; 2.97852 ; 2.94524 ; 88.8975
42.018 ; -0.465988 ; 0.0542711 ; 0.469138 ; 3.02565 ; 2.99893 ; 2.96979 ; 88.8975
42.3652 ; -0.467039 ; 0.046553 ; 0.469353 ; 3.04224 ; 3.01933 ; 2.99433 ; 88.8975
42.7125 ; -0.467928 ; 0.0388187 ; 0.469536 ; 3.05882 ; 3.03972 ; 3.01887 ; 88.8975
43.0597 ; -0.468656 ; 0.031071 ; 0.469685 ; 3.07539 ; 3.0601 ; 3.04342 ; 88.8975
43.407 ; -0.469222 ; 0.0233126 ; 0.469801 ; 3.09195 ; 3.08048 ; 3.06796 ; 88.8975
43.7543 ; -0.469626 ; 0.0155462 ; 0.469884 ; 3.1085 ; 3.10085 ; 3.09251 ; 88.8975
44.1015 ; -0.469869 ; 0.00777445 ; 0.469933 ; 3.12505 ; 3.12122 ; 3.11705 ; 88.8975
44.4488 ; -0.46995 ; -5.75523e-17 ; 0.46995 ; -3.14159 ; 3.14159 ; 3.14159 ; 88.8975
44.796 ; -0.469869 ; -0.00777445 ; 0.469933 ; -3.12505 ; 3.16196 ; 3.16614 ; 88.8975
45.1433 ; -0.469626 ; -0.0155462 ; 0.469884 ; -3.1085 ; 3.18233 ; 3.19068 ; 88.8975
45.4905 ; -0.469222 ; -0.0233126 ; 0.469801 ; -3.09195 ; 3.2027 ; 3.21522 ; 88.8975
45.8378 ; -0.468656 ; -0.031071 ; 0.469685 ; -3.07539 ; 3.22308 ; 3.23977 ; 88.8975
46.1851 ; -0.467928 ; -0.0388187 ; 0.469536 ; -3.05882 ; 3.24346 ; 3.26431 ; 88.8975
46.5323 ; -0.467039 ; -0.046553 ; 0.469353 ; -3.04224 ; 3.26385 ; 3.28885 ; 88.8975
46.8796 ; -0.465988 ; -0.0542711 ; 0.469138 ; -3.02565 ; 3.28425 ; 3.3134 ; 88.8975
47.2268 ; -0.464776 ; -0.0619705 ; 0.468889 ; -3.00904 ; 3.30466 ; 3.33794 ; 88.8975
47.5741 ; -0.463403 ; -0.0696484 ; 0.468608 ; -2.99241 ; 3.32508 ; 3.36249 ; 88.8975
47.9213 ; -0.461869 ; -0.0773022 ; 0.468293 ; -2.97576 ; 3.34551 ; 3.38703 ; 88.8975
48.2686 ; -0.460174 ; -0.084929 ; 0.467946 ; -2.95909 ; 3.36596 ; 3.41157 ; 88.8975
48.6158 ; -0.458319 ; -0.0925262 ; 0.467566 ; -2.94239 ; 3.38643 ; 3.43612 ; 88.8975
48.9631 ; -0.456304 ; -0.100091 ; 0.467153 ; -2.92566 ; 3.40691 ; 3.46066 ; 88.8975
49.3104 ; -0.454129 ; -0.107621 ; 0.466707 ; -2.9089 ; 3.42741 ; 3.4852 ; 88.8975
49.6576 ; -0.451794 ; -0.115113 ; 0.466228 ; -2.89211 ; 3.44793 ; 3.50975 ; 88.8975
50.0049 ; -0.449299 ; -0.122564 ; 0.465717 ; -2.87528 ; 3.46847 ; 3.53429 ; 88.8975
50.3521 ; -0.446646 ; -0.129972 ; 0.465173 ; -2.85842 ; 3.48903 ; 3.55884 ; 88.8975
50.6994 ; -0.443835 ; -0.137334 ; 0.464596 ; -2.84151 ; 3.50962 ; 3.58338 ; 88.8975
51.0466 ; -0.440865 ; -0.144647 ; 0.463988 ; -2.82456 ; 3.53024 ; 3.60792 ; 88.8975
51.3939 ; -0.437737 ; -0.151908 ; 0.463346 ; -2.80757 ; 3.55088 ; 3.63247 ; 88.8975
51.7412 ; -0.434452 ; -0.159115 ; 0.462673 ; -2.79052 ; 3.57156 ; 3.65701 ; 88.8975
52.0884 ; -0.431011 ; -0.166264 ; 0.461967 ; -2.77343 ; 3.59226 ; 3.68155 ; 88.8975
52.4357 ; -0.427413 ; -0.173353 ; 0.46123 ; -2.75628 ; 3.613 ; 3.7061 ; 88.8975
52.7829 ; -0.423659 ; -0.180379 ; 0.46046 ; -2.73908 ; 3.63377 ; 3.73064 ; 88.8975
53.1302 ; -0.419751 ; -0.187338 ; 0.459659 ; -2.72181 ; 3.65458 ; 3.75518 ; 88.8975
53.4774 ; -0.415688 ; -0.194229 ; 0.458826 ; -2.70449 ; 3.67542 ; 3.77973 ; 88.8975
53.8247 ; -0.411471 ; -0.201048 ; 0.457962 ; -2.6871 ; 3.6963 ; 3.80427 ; 88.8975
54.1719 ; -0.407102 ; -0.207793 ; 0.457066 ; -2.66964 ; 3.71722 ; 3.82882 ; 88.8975
54.5192 ; -0.402579 ; -0.214459 ; 0.456139 ; -2.65212 ; 3.73819 ; 3.85336 ; 88.8975
54.8665 ; -0.397906 ; -0.221045 ; 0.455181 ; -2.63452 ; 3.75919 ; 3.8779 ; 88.8975
55.2137 ; -0.393081 ; -0.227547 ; 0.454192 ; -2.61685 ; 3.78024 ; 3.90245 ; 88.8975
55.561 ; -0.388107 ; -0.233962 ; 0.453172 ; -2.5991 ; 3.80134 ; 3.92699 ; 88.8975
55.9082 ; -0.382983 ; -0.240287 ; 0.452122 ; -2.58126 ; 3.82249 ; 3.95153 ; 88.8975
56.2555 ; -0.377712 ; -0.246519 ; 0.451041 ; -2.56335 ; 3.84369 ; 3.97608 ; 88.8975
56.6027 ; -0.372293 ; -0.252656 ; 0.44993 ; -2.54534 ; 3.86493 ; 4.00062 ; 88.8975
56.95 ; -0.366729 ; -0.258693 ; 0.44879 ; -2.52725 ; 3.88624 ; 4.02517 ; 88.8975
57.2972 ; -0.361019 ; -0.264628 ; 0.447619 ; -2.50906 ; 3.90759 ; 4.04971 ; 88.8975
57.6445 ; -0.355166 ; -0.270458 ; 0.446419 ; -2.49077 ; 3.929 ; 4.07425 ; 88.8975
57.9918 ; -0.34917 ; -0.276179 ; 0.44519 ; -2.47239 ; 3.95048 ; 4.0988 ; 88.8975
58.339 ; -0.343032 ; -0.281788 ; 0.443932 ; -2.4539 ; 3.97201 ; 4.12334 ; 88.8975
58.6863 ; -0.336755 ; -0.287282 ; 0.442645 ; -2.43531 ; 3.9936 ; 4.14788 ; 88.8975
59.0335 ; -0.330338 ; -0.292657 ; 0.44133 ; -2.4166 ; 4.01526 ; 4.17243 ; 88.8975
59.3808 ; -0.323785 ; -0.297911 ; 0.439986 ; -2.39779 ; 4.03698 ; 4.19697 ; 88.8975
59.728 ; -0.317095 ; -0.30304 ; 0.438615 ; -2.37885 ; 4.05877 ; 4.22152 ; 88.8975
60.0753 ; -0.310272 ; -0.308041 ; 0.437216 ; -2.3598 ; 4.08063 ; 4.24606 ; 88.8975
60.4226 ; -0.303315 ; -0.31291 ; 0.43579 ; -2.34063 ; 4.10256 ; 4.2706 ; 88.8975
60.7698 ; -0.296228 ; -0.317644 ; 0.434337 ; -2.32132 ; 4.12456 ; 4.29515 ; 88.8975
61.1171 ; -0.289011 ; -0.322239 ; 0.432858 ; -2.30189 ; 4.14663 ; 4.31969 ; 88.8975
61.4643 ; -0.281667 ; -0.326693 ; 0.431352 ; -2.28232 ; 4.16878 ; 4.34423 ; 88.8975
61.8116 ; -0.274198 ; -0.331 ; 0.429821 ; -2.26261 ; 4.19101 ; 4.36878 ; 88.8975
62.1588 ; -0.266606 ; -0.335159 ; 0.428264 ; -2.24276 ; 4.21332 ; 4.39332 ; 88.8975
62.5061 ; -0.258892 ; -0.339166 ; 0.426683 ; -2.22277 ; 4.23572 ; 4.41786 ; 88.8975
62.8533 ; -0.251059 ; -0.343016 ; 0.425077 ; -2.20262 ; 4.25819 ; 4.44241 ; 88.8975
63.2006 ; -0.243109 ; -0.346707 ; 0.423448 ; -2.18232 ; 4.28075 ; 4.46695 ; 88.8975
63.5479 ; -0.235045 ; -0.350235 ; 0.421794 ; -2.16187 ; 4.3034 ; 4.4915 ; 88.8975
63.8951 ; -0.226869 ; -0.353596 ; 0.420118 ; -2.14125 ; 4.32614 ; 4.51604 ; 88.8975
64.2424 ; -0.218583 ; -0.356786 ; 0.41842 ; -2.12046 ; 4.34897 ; 4.54058 ; 88.8975
64.5896 ; -0.210191 ; -0.359803 ; 0.416699 ; -2.09951 ; 4.3719 ; 4.56513 ; 88.8975
64.9369 ; -0.201695 ; -0.362642 ; 0.414958 ; -2.07837 ; 4.39491 ; 4.58967 ; 88.8975
65.2841 ; -0.193099 ; -0.365299 ; 0.413195 ; -2.05706 ; 4.41803 ; 4.61421 ; 88.8975
65.6314 ; -0.184404 ; -0.367771 ; 0.411413 ; -2.03557 ; 4.44125 ; 4.63876 ; 88.8975
65.9786 ; -0.175615 ; -0.370055 ; 0.409611 ; -2.01389 ; 4.46456 ; 4.6633 ; 88.8975
66.3259 ; -0.166735 ; -0.372146 ; 0.407791 ; -1.99202 ; 4.48799 ; 4.68785 ; 88.8975
66.6732 ; -0.157767 ; -0.374042 ; 0.405952 ; -1.96994 ; 4.51151 ; 4.71239 ; 88.8975
67.0204 ; -0.148714 ; -0.375737 ; 0.404097 ; -1.94767 ; 4.53514 ; 4.73693 ; 88.8975
67.3677 ; -0.139581 ; -0.377229 ; 0.402224 ; -1.92519 ; 4.55889 ; 4.76148 ; 88.8975
67.7149 ; -0.130371 ; -0.378514 ; 0.400336 ; -1.9025 ; 4.58274 ; 4.78602 ; 88.8975
68.0622 ; -0.121089 ; -0.379588 ; 0.398434 ; -1.87959 ; 4.60671 ; 4.81056 ; 88.8975
68.4094 ; -0.111738 ; -0.380447 ; 0.396517 ; -1.85647 ; 4.63079 ; 4.83511 ; 88.8975
68.7567 ; -0.102324 ; -0.381089 ; 0.394587 ; -1.83311 ; 4.65499 ; 4.85965 ; 88.8975
69.104 ; -0.0928496 ; -0.381508 ; 0.392644 ; -1.80953 ; 4.67931 ; 4.88419 ; 88.8975
69.4512 ; -0.0833207 ; -0.381703 ; 0.390691 ; -1.78571 ; 4.70375 ; 4.90874 ; 88.8975
69.7985 ; -0.0737418 ; -0.381669 ; 0.388727 ; -1.76165 ; 4.72831 ; 4.93328 ; 88.8975
70.1457 ; -0.064118 ; -0.381403 ; 0.386754 ; -1.73735 ; 4.75299 ; 4.95783 ; 88.8975
70.493 ; -0.0544547 ; -0.380901 ; 0.384773 ; -1.7128 ; 4.77781 ; 4.98237 ; 88.8975
70.8402 ; -0.0447573 ; -0.38016 ; 0.382785 ; -1.68799 ; 4.80275 ; 5.00691 ; 88.8975
71.1875 ; -0.0350313 ; -0.379177 ; 0.380792 ; -1.66292 ; 4.82782 ; 5.03146 ; 88.8975
71.5347 ; -0.0252827 ; -0.377949 ; 0.378793 ; -1.63759 ; 4.85302 ; 5.056 ; 88.8975
71.882 ; -0.0155175 ; -0.376472 ; 0.376791 ; -1.61199 ; 4.87836 ; 5.08054 ; 88.8975
72.2293 ; -0.00574195 ; -0.374743 ; 0.374787 ; -1.58612 ; 4.90383 ; 5.10509 ; 88.8975
72.5765 ; 0.00403749 ; -0.372761 ; 0.372783 ; -1.55997 ; 4.92944 ; 5.12963 ; 88.8975
72.9238 ; 0.0138141 ; -0.370521 ; 0.370778 ; -1.53353 ; 4.95519 ; 5.15418 ; 88.8975
73.271 ; 0.0235811 ; -0.368021 ; 0.368776 ; -1.50681 ; 4.98107 ; 5.17872 ; 88.8975
73.6183 ; 0.0333312 ; -0.36526 ; 0.366777 ; -1.4798 ; 5.0071 ; 5.20326 ; 88.8975
73.9655 ; 0.0430571 ; -0.362234 ; 0.364784 ; -1.45249 ; 5.03327 ; 5.22781 ; 88.8975
74.3128 ; 0.0527514 ; -0.358941 ; 0.362796 ; -1.42488 ; 5.05958 ; 5.25235 ; 88.8975
74.66 ; 0.0624061 ; -0.355379 ; 0.360817 ; -1.39696 ; 5.08604 ; 5.27689 ; 88.8975
75.0073 ; 0.0720134 ; -0.351547 ; 0.358848 ; -1.36874 ; 5.11264 ; 5.30144 ; 88.8975
75.3546 ; 0.0815649 ; -0.347444 ; 0.356889 ; -1.34021 ; 5.13939 ; 5.32598 ; 88.8975
75.7018 ; 0.0910523 ; -0.343067 ; 0.354945 ; -1.31137 ; 5.16628 ; 5.35052 ; 88.8975
76.0491 ; 0.100467 ; -0.338416 ; 0.353015 ; -1.28221 ; 5.19332 ; 5.37507 ; 88.8975
76.3963 ; 0.1098 ; -0.333491 ; 0.351101 ; -1.25273 ; 5.22051 ; 5.39961 ; 88.8975
76.7436 ; 0.119042 ; -0.32829 ; 0.349207 ; -1.22293 ; 5.24785 ; 5.42416 ; 88.8975
77.0908 ; 0.128185 ; -0.322813 ; 0.347332 ; -1.1928 ; 5.27533 ; 5.4487 ; 88.8975
77.4381 ; 0.137218 ; -0.317062 ; 0.345481 ; -1.16235 ; 5.30297 ; 5.47324 ; 88.8975
77.7854 ; 0.146132 ; -0.311035 ; 0.343653 ; -1.13158 ; 5.33075 ; 5.49779 ; 88.8975
78.1326 ; 0.154918 ; -0.304735 ; 0.341852 ; -1.10048 ; 5.35867 ; 5.52233 ; 88.8975
78.4799 ; 0.163565 ; -0.298162 ; 0.34008 ; -1.06905 ; 5.38675 ; 5.54687 ; 88.8975
78.8271 ; 0.172063 ; -0.291319 ; 0.338337 ; -1.03729 ; 5.41497 ; 5.57142 ; 88.8975
79.1744 ; 0.180402 ; -0.284206 ; 0.336628 ; -1.00521 ; 5.44333 ; 5.59596 ; 88.8975
79.5216 ; 0.188573 ; -0.276828 ; 0.334953 ; -0.972804 ; 5.47184 ; 5.62051 ; 88.8975
79.8689 ; 0.196564 ; -0.269186 ; 0.333315 ; -0.940077 ; 5.50048 ; 5.64505 ; 88.8975
80.2161 ; 0.204366 ; -0.261284 ; 0.331715 ; -0.907029 ; 5.52927 ; 5.66959 ; 88.8975
80.5634 ; 0.211967 ; -0.253127 ; 0.330157 ; -0.873666 ; 5.5582 ; 5.69414 ; 88.8975
80.9107 ; 0.219358 ; -0.244719 ; 0.328642 ; -0.839991 ; 5.58725 ; 5.71868 ; 88.8975
81.2579 ; 0.226529 ; -0.236064 ; 0.327172 ; -0.806008 ; 5.61645 ; 5.74322 ; 88.8975
81.6052 ; 0.233468 ; -0.227168 ; 0.325749 ; -0.771723 ; 5.64577 ; 5.76777 ; 88.8975
81.9524 ; 0.240166 ; -0.218038 ; 0.324376 ; -0.737144 ; 5.67521 ; 5.79231 ; 88.8975
82.2997 ; 0.246612 ; -0.208679 ; 0.323055 ; -0.702275 ; 5.70478 ; 5.81686 ; 88.8975
82.6469 ; 0.252797 ; -0.199099 ; 0.321787 ; -0.667126 ; 5.73447 ; 5.8414 ; 88.8975
82.9942 ; 0.258711 ; -0.189306 ; 0.320575 ; -0.631705 ; 5.76428 ; 5.86594 ; 88.8975
83.3414 ; 0.264344 ; -0.179308 ; 0.31942 ; -0.596021 ; 5.79419 ; 5.89049 ; 88.8975
83.6887 ; 0.269687 ; -0.169113 ; 0.318324 ; -0.560085 ; 5.82421 ; 5.91503 ; 88.8975
84.036 ; 0.274732 ; -0.15873 ; 0.31729 ; -0.523908 ; 5.85433 ; 5.93957 ; 88.8975
84.3832 ; 0.27947 ; -0.14817 ; 0.316319 ; -0.487502 ; 5.88454 ; 5.96412 ; 88.8975
84.7305 ; 0.283892 ; -0.137443 ; 0.315412 ; -0.450879 ; 5.91485 ; 5.98866 ; 88.8975
85.0777 ; 0.28799 ; -0.126559 ; 0.314572 ; -0.414052 ; 5.94524 ; 6.0132 ; 88.8975
85.425 ; 0.291758 ; -0.11553 ; 0.3138 ; -0.377036 ; 5.9757 ; 6.03775 ; 88.8975
85.7722 ; 0.295189 ; -0.104368 ; 0.313096 ; -0.339845 ; 6.00624 ; 6.06229 ; 88.8975
86.1195 ; 0.298276 ; -0.0930841 ; 0.312464 ; -0.302496 ; 6.03685 ; 6.08684 ; 88.8975
86.4668 ; 0.301014 ; -0.0816911 ; 0.311902 ; -0.265003 ; 6.06751 ; 6.11138 ; 88.8975
86.814 ; 0.303398 ; -0.070202 ; 0.311414 ; -0.227384 ; 6.09822 ; 6.13592 ; 88.8975
87.1613 ; 0.305422 ; -0.0586299 ; 0.310999 ; -0.189656 ; 6.12898 ; 6.16047 ; 88.8975
87.5085 ; 0.307084 ; -0.0469881 ; 0.310658 ; -0.151836 ; 6.15978 ; 6.18501 ; 88.8975
87.8558 ; 0.30838 ; -0.0352903 ; 0.310392 ; -0.113942 ; 6.1906 ; 6.20955 ; 88.8975
88.203 ; 0.309307 ; -0.0235504 ; 0.310202 ; -0.0759925 ; 6.22145 ; 6.2341 ; 88.8975
88.5503 ; 0.309864 ; -0.0117822 ; 0.310088 ; -0.0380056 ; 6.25231 ; 6.25864 ; 88.8975
88.8975 ; 0.31005 ; -8.90835e-15 ; 0.31005 ; -2.8732e-14 ; 6.28319 ; 6.28319 ; 88.8975
